[
  {
    "image_id": 0,
    "test": "4410 5148 5097 1692 7375 1692 9196 3344 0",
    "refs": [
      "7961 919 5117 4437 7961 5081 8309 7961 8018 9015 0",
      "7961 8128 8309 7961 4062 8018 9015 5481 7477 0",
      "7961 8128 1294 7961 7945 5208 8012 8309 7961 4062 8018 9015 0",
      "7961 5134 8128 8309 7961 4062 8018 9015 9196 9084 2102 290 3781 2623 3079 7477",
      "7961 1281 5481 7477 8309 7961 4062 8018 9015 0"
    ]
  },
  {
    "image_id": 1,
    "test": "7961 4993 8309 7961 7945 2623 9196 8018 9015 3630 349 0",
    "refs": [
      "7961 919 5117 4437 7961 5081 8309 7961 8018 9015 0",
      "7961 8128 8309 7961 4062 8018 9015 5481 7477 0",
      "7961 8128 1294 7961 7945 5208 8012 8309 7961 4062 8018 9015 0",
      "7961 5134 8128 8309 7961 4062 8018 9015 9196 9084 2102 290 3781 2623 3079 7477",
      "7961 1281 5481 7477 8309 7961 4062 8018 9015 0"
    ]
  },
  {
    "image_id": 2,
    "test": "7961 7373 3636 7961 3781 2102 9196 8018 9015 9196 8309 7961 2102 0",
    "refs": [
      "7961 919 5117 4437 7961 5081 8309 7961 8018 9015 0",
      "7961 8128 8309 7961 4062 8018 9015 5481 7477 0",
      "7961 8128 1294 7961 7945 5208 8012 8309 7961 4062 8018 9015 0",
      "7961 5134 8128 8309 7961 4062 8018 9015 9196 9084 2102 290 3781 2623 3079 7477",
      "7961 1281 5481 7477 8309 7961 4062 8018 9015 0"
    ]
  },
  {
    "image_id": 3,
    "test": "7961 8128 2136 1844 309 9015 9196 7961 8018 9015 7143 3636 3029 4757 0",
    "refs": [
      "7961 919 5117 4437 7961 5081 8309 7961 8018 9015 0",
      "7961 8128 8309 7961 4062 8018 9015 5481 7477 0",
      "7961 8128 1294 7961 7945 5208 8012 8309 7961 4062 8018 9015 0",
      "7961 5134 8128 8309 7961 4062 8018 9015 9196 9084 2102 290 3781 2623 3079 7477",
      "7961 1281 5481 7477 8309 7961 4062 8018 9015 0"
    ]
  },
  {
    "image_id": 4,
    "test": "7961 8128 3636 7961 8018 8018 7906 9084 7375 9196 2623 2102 0",
    "refs": [
      "7961 919 5117 4437 7961 5081 8309 7961 8018 9015 0",
      "7961 8128 8309 7961 4062 8018 9015 5481 7477 0",
      "7961 8128 1294 7961 7945 5208 8012 8309 7961 4062 8018 9015 0",
      "7961 5134 8128 8309 7961 4062 8018 9015 9196 9084 2102 290 3781 2623 3079 7477",
      "7961 1281 5481 7477 8309 7961 4062 8018 9015 0"
    ]
  },
  {
    "image_id": 5,
    "test": "7961 4635 7857 110 9084 8676 3636 3632 3636 7961 5839 0",
    "refs": [
      "7961 5839 1278 290 69 9196 2966 9462 6846 0",
      "8310 69 8453 3046 9057 3636 7961 5839 0",
      "3029 3046 9196 9084 69 8133 3636 7961 3426 7055 5839 0",
      "7961 5839 3630 314 4437 3046 9196 9084 69 0",
      "3029 3046 9196 3426 69 8133 3636 7961 5839 0"
    ]
  },
  {
    "image_id": 6,
    "test": "7961 845 845 7961 4635 4437 69 0",
    "refs": [
      "7961 5839 1278 290 69 9196 2966 9462 6846 0",
      "8310 69 8453 3046 9057 3636 7961 5839 0",
      "3029 3046 9196 9084 69 8133 3636 7961 3426 7055 5839 0",
      "7961 5839 3630 314 4437 3046 9196 9084 69 0",
      "3029 3046 9196 3426 69 8133 3636 7961 5839 0"
    ]
  },
  {
    "image_id": 7,
    "test": "1975 8133 7961 4249 4839 7961 5839 3636 3029 1832 0",
    "refs": [
      "7961 5839 1278 290 69 9196 2966 9462 6846 0",
      "8310 69 8453 3046 9057 3636 7961 5839 0",
      "3029 3046 9196 9084 69 8133 3636 7961 3426 7055 5839 0",
      "7961 5839 3630 314 4437 3046 9196 9084 69 0",
      "3029 3046 9196 3426 69 8133 3636 7961 5839 0"
    ]
  },
  {
    "image_id": 8,
    "test": "7961 5839 290 1781 1278 290 3046 69 0",
    "refs": [
      "7961 5839 1278 290 69 9196 2966 9462 6846 0",
      "8310 69 8453 3046 9057 3636 7961 5839 0",
      "3029 3046 9196 9084 69 8133 3636 7961 3426 7055 5839 0",
      "7961 5839 3630 314 4437 3046 9196 9084 69 0",
      "3029 3046 9196 3426 69 8133 3636 7961 5839 0"
    ]
  },
  {
    "image_id": 9,
    "test": "7961 845 7001 5481 5839 5839 110 6049 69 3636 3632 0",
    "refs": [
      "7961 5839 1278 290 69 9196 2966 9462 6846 0",
      "8310 69 8453 3046 9057 3636 7961 5839 0",
      "3029 3046 9196 9084 69 8133 3636 7961 3426 7055 5839 0",
      "7961 5839 3630 314 4437 3046 9196 9084 69 0",
      "3029 3046 9196 3426 69 8133 3636 7961 5839 0"
    ]
  },
  {
    "image_id": 10,
    "test": "7961 4465 1419 3636 7961 3458 290 7961 7383 0",
    "refs": [
      "7961 8128 1419 702 7961 634 2599 7961 9157 5083 7961 8989 0",
      "7961 5081 3630 1419 3636 7961 156 2599 7961 9157 290 7961 8989 8170 0",
      "7961 5081 1419 702 634 7569 4614 702 6949 7686 6506 0",
      "7961 8128 1419 2599 7961 9157 5083 7961 7686 6506 0",
      "7961 8128 3636 7961 2966 9487 2305 8912 7961 8989 0"
    ]
  },
  {
    "image_id": 11,
    "test": "7961 8128 3636 7961 5779 2102 1419 3636 7961 8989 4549 9196 6864 7961 5945 0",
    "refs": [
      "7961 8128 1419 702 7961 634 2599 7961 9157 5083 7961 8989 0",
      "7961 5081 3630 1419 3636 7961 156 2599 7961 9157 290 7961 8989 8170 0",
      "7961 5081 1419 702 634 7569 4614 702 6949 7686 6506 0",
      "7961 8128 1419 2599 7961 9157 5083 7961 7686 6506 0",
      "7961 8128 3636 7961 2966 9487 2305 8912 7961 8989 0"
    ]
  },
  {
    "image_id": 12,
    "test": "2597 2585 4437 7961 4465 5481 2599 2744 7686 6506 0",
    "refs": [
      "7961 8128 1419 702 7961 634 2599 7961 9157 5083 7961 8989 0",
      "7961 5081 3630 1419 3636 7961 156 2599 7961 9157 290 7961 8989 8170 0",
      "7961 5081 1419 702 634 7569 4614 702 6949 7686 6506 0",
      "7961 8128 1419 2599 7961 9157 5083 7961 7686 6506 0",
      "7961 8128 3636 7961 2966 9487 2305 8912 7961 8989 0"
    ]
  },
  {
    "image_id": 13,
    "test": "7961 3240 3636 7961 1137 290 8035 4060 3636 8108 5456 1360 0",
    "refs": [
      "7961 8128 1419 702 7961 634 2599 7961 9157 5083 7961 8989 0",
      "7961 5081 3630 1419 3636 7961 156 2599 7961 9157 290 7961 8989 8170 0",
      "7961 5081 1419 702 634 7569 4614 702 6949 7686 6506 0",
      "7961 8128 1419 2599 7961 9157 5083 7961 7686 6506 0",
      "7961 8128 3636 7961 2966 9487 2305 8912 7961 8989 0"
    ]
  },
  {
    "image_id": 14,
    "test": "7961 5081 1419 2599 7961 9157 5083 7961 8081 8896 0",
    "refs": [
      "7961 8128 1419 702 7961 634 2599 7961 9157 5083 7961 8989 0",
      "7961 5081 3630 1419 3636 7961 156 2599 7961 9157 290 7961 8989 8170 0",
      "7961 5081 1419 702 634 7569 4614 702 6949 7686 6506 0",
      "7961 8128 1419 2599 7961 9157 5083 7961 7686 6506 0",
      "7961 8128 3636 7961 2966 9487 2305 8912 7961 8989 0"
    ]
  },
  {
    "image_id": 15,
    "test": "2937 8 7162 3636 8108 4437 689 8916 0",
    "refs": [
      "7961 9084 6964 3609 8916 3636 7961 689 0",
      "7961 6753 1958 6811 2164 3029 5143 4437 2597 8916 0",
      "689 290 2343 9207 9196 7791 850 0",
      "7961 689 515 943 7961 6964 8916 9196 2938 0",
      "7961 3240 309 8916 3636 7961 973 689 0"
    ]
  },
  {
    "image_id": 16,
    "test": "7961 3659 8614 7857 3636 1419 480 4993 7961 689 0",
    "refs": [
      "7961 9084 6964 3609 8916 3636 7961 689 0",
      "7961 6753 1958 6811 2164 3029 5143 4437 2597 8916 0",
      "689 290 2343 9207 9196 7791 850 0",
      "7961 689 515 943 7961 6964 8916 9196 2938 0",
      "7961 3240 309 8916 3636 7961 973 689 0"
    ]
  },
  {
    "image_id": 17,
    "test": "3029 2712 9487 6964 3630 3636 7961 689 0",
    "refs": [
      "7961 9084 6964 3609 8916 3636 7961 689 0",
      "7961 6753 1958 6811 2164 3029 5143 4437 2597 8916 0",
      "689 290 2343 9207 9196 7791 850 0",
      "7961 689 515 943 7961 6964 8916 9196 2938 0",
      "7961 3240 309 8916 3636 7961 973 689 0"
    ]
  },
  {
    "image_id": 18,
    "test": "7961 8614 110 8035 520 3636 3632 0",
    "refs": [
      "7961 9084 6964 3609 8916 3636 7961 689 0",
      "7961 6753 1958 6811 2164 3029 5143 4437 2597 8916 0",
      "689 290 2343 9207 9196 7791 850 0",
      "7961 689 515 943 7961 6964 8916 9196 2938 0",
      "7961 3240 309 8916 3636 7961 973 689 0"
    ]
  },
  {
    "image_id": 19,
    "test": "7961 2697 4437 4649 702 7961 689 480 4993 7961 1249 8916 0",
    "refs": [
      "7961 9084 6964 3609 8916 3636 7961 689 0",
      "7961 6753 1958 6811 2164 3029 5143 4437 2597 8916 0",
      "689 290 2343 9207 9196 7791 850 0",
      "7961 689 515 943 7961 6964 8916 9196 2938 0",
      "7961 3240 309 8916 3636 7961 973 689 0"
    ]
  },
  {
    "image_id": 20,
    "test": "4270 2367 6978 702 1978 3636 3029 2002 9196 3029 8687 0",
    "refs": [
      "7961 429 4437 4358 2792 3636 3029 1978 0",
      "6178 2367 3636 3287 7918 480 4993 3318 0",
      "4270 2367 7857 8133 2792 3064 702 8035 3287 0",
      "8325 4358 8133 2792 2936 6023 7791 1978 0",
      "6178 4358 2792 480 4993 6493 4701 702 7961 2042 0"
    ]
  },
  {
    "image_id": 21,
    "test": "7961 8174 2367 5184 3636 3029 4307 4437 3318 0",
    "refs": [
      "7961 429 4437 4358 2792 3636 3029 1978 0",
      "6178 2367 3636 3287 7918 480 4993 3318 0",
      "4270 2367 7857 8133 2792 3064 702 8035 3287 0",
      "8325 4358 8133 2792 2936 6023 7791 1978 0",
      "6178 4358 2792 480 4993 6493 4701 702 7961 2042 0"
    ]
  },
  {
    "image_id": 22,
    "test": "9487 4437 2367 2530 3029 6801 2936 3029 6801 0",
    "refs": [
      "7961 429 4437 4358 2792 3636 3029 1978 0",
      "6178 2367 3636 3287 7918 480 4993 3318 0",
      "4270 2367 7857 8133 2792 3064 702 8035 3287 0",
      "8325 4358 8133 2792 2936 6023 7791 1978 0",
      "6178 4358 2792 480 4993 6493 4701 702 7961 2042 0"
    ]
  },
  {
    "image_id": 23,
    "test": "6178 2367 3636 2792 480 4993 6493 4701 0",
    "refs": [
      "7961 429 4437 4358 2792 3636 3029 1978 0",
      "6178 2367 3636 3287 7918 480 4993 3318 0",
      "4270 2367 7857 8133 2792 3064 702 8035 3287 0",
      "8325 4358 8133 2792 2936 6023 7791 1978 0",
      "6178 4358 2792 480 4993 6493 4701 702 7961 2042 0"
    ]
  },
  {
    "image_id": 24,
    "test": "6178 4358 3636 7961 3853 4437 483 3632 1025 4957 3636 6949 7145 0",
    "refs": [
      "7961 429 4437 4358 2792 3636 3029 1978 0",
      "6178 2367 3636 3287 7918 480 4993 3318 0",
      "4270 2367 7857 8133 2792 3064 702 8035 3287 0",
      "8325 4358 8133 2792 2936 6023 7791 1978 0",
      "6178 4358 2792 480 4993 6493 4701 702 7961 2042 0"
    ]
  },
  {
    "image_id": 25,
    "test": "7961 2286 274 6928 8250 7961 6464 4163 4859 0",
    "refs": [
      "7961 3330 7857 3630 2966 702 3029 4163 0",
      "7961 274 6928 3636 7961 8661 4905 290 7961 7928 3298 3636 644 4045 8052 0",
      "7961 7928 7857 3630 6952 644 7928 702 7386 7326 0",
      "7961 4905 4045 8052 9224 4701 4905 4045 3636 3029 8348 7961 274 6928 3630 3636",
      "7961 274 6928 290 7961 7928 3636 3029 8348 0"
    ]
  },
  {
    "image_id": 26,
    "test": "7961 274 6928 290 274 8250 3636 4163 0",
    "refs": [
      "7961 3330 7857 3630 2966 702 3029 4163 0",
      "7961 274 6928 3636 7961 8661 4905 290 7961 7928 3298 3636 644 4045 8052 0",
      "7961 7928 7857 3630 6952 644 7928 702 7386 7326 0",
      "7961 4905 4045 8052 9224 4701 4905 4045 3636 3029 8348 7961 274 6928 3630 3636",
      "7961 274 6928 290 7961 7928 3636 3029 8348 0"
    ]
  },
  {
    "image_id": 27,
    "test": "7961 274 6928 2599 3029 7801 3636 8108 4437 7961 7874 0",
    "refs": [
      "7961 3330 7857 3630 2966 702 3029 4163 0",
      "7961 274 6928 3636 7961 8661 4905 290 7961 7928 3298 3636 644 4045 8052 0",
      "7961 7928 7857 3630 6952 644 7928 702 7386 7326 0",
      "7961 4905 4045 8052 9224 4701 4905 4045 3636 3029 8348 7961 274 6928 3630 3636",
      "7961 274 6928 290 7961 7928 3636 3029 8348 0"
    ]
  },
  {
    "image_id": 28,
    "test": "7961 7928 3425 3636 3029 3029 3813 4437 7961 3117 6978 0",
    "refs": [
      "7961 3330 7857 3630 2966 702 3029 4163 0",
      "7961 274 6928 3636 7961 8661 4905 290 7961 7928 3298 3636 644 4045 8052 0",
      "7961 7928 7857 3630 6952 644 7928 702 7386 7326 0",
      "7961 4905 4045 8052 9224 4701 4905 4045 3636 3029 8348 7961 274 6928 3630 3636",
      "7961 274 6928 290 7961 7928 3636 3029 8348 0"
    ]
  },
  {
    "image_id": 29,
    "test": "2597 1474 1338 702 7961 3330 3364 2744 1714 9450 0",
    "refs": [
      "7961 3330 7857 3630 2966 702 3029 4163 0",
      "7961 274 6928 3636 7961 8661 4905 290 7961 7928 3298 3636 644 4045 8052 0",
      "7961 7928 7857 3630 6952 644 7928 702 7386 7326 0",
      "7961 4905 4045 8052 9224 4701 4905 4045 3636 3029 8348 7961 274 6928 3630 3636",
      "7961 274 6928 290 7961 7928 3636 3029 8348 0"
    ]
  },
  {
    "image_id": 30,
    "test": "7961 5001 5081 8133 1419 7961 1624 3636 3029 7326 4437 7961 7888 0",
    "refs": [
      "7961 1250 491 7843 3029 4849 7888 3526 110 702 7961 4062 111 0",
      "7961 1624 7223 1699 7843 7961 7888 2599 2599 6221 0",
      "5954 6683 541 290 9267 3146 2936 2744 0",
      "7961 5081 532 7961 4849 5396 702 7961 4849 6221 0",
      "7961 5081 7857 3630 6683 541 290 5833 0"
    ]
  },
  {
    "image_id": 31,
    "test": "9284 5081 7569 8128 5752 7961 4163 290 7961 1624 0",
    "refs": [
      "7961 1250 491 7843 3029 4849 7888 3526 110 702 7961 4062 111 0",
      "7961 1624 7223 1699 7843 7961 7888 2599 2599 6221 0",
      "5954 6683 541 290 9267 3146 2936 2744 0",
      "7961 5081 532 7961 4849 5396 702 7961 4849 6221 0",
      "7961 5081 7857 3630 6683 541 290 5833 0"
    ]
  },
  {
    "image_id": 32,
    "test": "7961 3776 290 7961 8128 532 7961 1624 0",
    "refs": [
      "7961 1250 491 7843 3029 4849 7888 3526 110 702 7961 4062 111 0",
      "7961 1624 7223 1699 7843 7961 7888 2599 2599 6221 0",
      "5954 6683 541 290 9267 3146 2936 2744 0",
      "7961 5081 532 7961 4849 5396 702 7961 4849 6221 0",
      "7961 5081 7857 3630 6683 541 290 5833 0"
    ]
  },
  {
    "image_id": 33,
    "test": "7961 8128 3636 7961 4411 5094 702 7961 1624 7266 7843 7961 2042 0",
    "refs": [
      "7961 1250 491 7843 3029 4849 7888 3526 110 702 7961 4062 111 0",
      "7961 1624 7223 1699 7843 7961 7888 2599 2599 6221 0",
      "5954 6683 541 290 9267 3146 2936 2744 0",
      "7961 5081 532 7961 4849 5396 702 7961 4849 6221 0",
      "7961 5081 7857 3630 6683 541 290 5833 0"
    ]
  },
  {
    "image_id": 34,
    "test": "7961 9487 6284 7633 7961 8128 6654 2599 7961 1624 0",
    "refs": [
      "7961 1250 491 7843 3029 4849 7888 3526 110 702 7961 4062 111 0",
      "7961 1624 7223 1699 7843 7961 7888 2599 2599 6221 0",
      "5954 6683 541 290 9267 3146 2936 2744 0",
      "7961 5081 532 7961 4849 5396 702 7961 4849 6221 0",
      "7961 5081 7857 3630 6683 541 290 5833 0"
    ]
  },
  {
    "image_id": 35,
    "test": "4163 348 2933 7971 7915 4859 290 7961 6294 44 702 2599 7386 7326 4437 3632",
    "refs": [
      "7961 4401 290 4270 4163 348 2744 7961 7928 0",
      "6178 1714 4163 348 3235 3636 233 4479 0",
      "2597 1072 110 4270 8512 348 702 3632 0",
      "3029 4163 348 6079 3029 6082 4437 1080 5413 9196 5508 2033 0",
      "4163 348 2425 3029 1072 4437 1080 5413 9196 5508 2033 0"
    ]
  },
  {
    "image_id": 36,
    "test": "7961 8174 3136 4859 7857 1303 5477 274 0",
    "refs": [
      "7961 4401 290 4270 4163 348 2744 7961 7928 0",
      "6178 1714 4163 348 3235 3636 233 4479 0",
      "2597 1072 110 4270 8512 348 702 3632 0",
      "3029 4163 348 6079 3029 6082 4437 1080 5413 9196 5508 2033 0",
      "4163 348 2425 3029 1072 4437 1080 5413 9196 5508 2033 0"
    ]
  },
  {
    "image_id": 37,
    "test": "7961 219 5413 4859 3630 3029 3029 6082 4437 7961 4905 4670 0",
    "refs": [
      "7961 4401 290 4270 4163 348 2744 7961 7928 0",
      "6178 1714 4163 348 3235 3636 233 4479 0",
      "2597 1072 110 4270 8512 348 702 3632 0",
      "3029 4163 348 6079 3029 6082 4437 1080 5413 9196 5508 2033 0",
      "4163 348 2425 3029 1072 4437 1080 5413 9196 5508 2033 0"
    ]
  },
  {
    "image_id": 38,
    "test": "7961 4163 4859 1419 702 6506 4437 7961 0",
    "refs": [
      "7961 4401 290 4270 4163 348 2744 7961 7928 0",
      "6178 1714 4163 348 3235 3636 233 4479 0",
      "2597 1072 110 4270 8512 348 702 3632 0",
      "3029 4163 348 6079 3029 6082 4437 1080 5413 9196 5508 2033 0",
      "4163 348 2425 3029 1072 4437 1080 5413 9196 5508 2033 0"
    ]
  },
  {
    "image_id": 39,
    "test": "348 5470 2599 8006 4163 4437 7961 4905 0",
    "refs": [
      "7961 4401 290 4270 4163 348 2744 7961 7928 0",
      "6178 1714 4163 348 3235 3636 233 4479 0",
      "2597 1072 110 4270 8512 348 702 3632 0",
      "3029 4163 348 6079 3029 6082 4437 1080 5413 9196 5508 2033 0",
      "4163 348 2425 3029 1072 4437 1080 5413 9196 5508 2033 0"
    ]
  },
  {
    "image_id": 40,
    "test": "7961 5081 4850 3636 3029 4851 4437 2423 3086 6949 8760 0",
    "refs": [
      "7961 5081 532 7961 3086 7843 7961 6520 9378 9100 0",
      "7961 3193 6906 7843 7961 2840 9100 2936 5001 5327 0",
      "5081 3630 541 7843 7961 4561 7266 6041 0",
      "7961 3749 3193 477 9267 5413 7843 3029 4561 0",
      "4410 6520 5899 702 6949 6520 5396 3636 3029 6520 0"
    ]
  },
  {
    "image_id": 41,
    "test": "7961 6520 4850 7843 7843 7961 7774 2042 0",
    "refs": [
      "7961 5081 532 7961 3086 7843 7961 6520 9378 9100 0",
      "7961 3193 6906 7843 7961 2840 9100 2936 5001 5327 0",
      "5081 3630 541 7843 7961 4561 7266 6041 0",
      "7961 3749 3193 477 9267 5413 7843 3029 4561 0",
      "4410 6520 5899 702 6949 6520 5396 3636 3029 6520 0"
    ]
  },
  {
    "image_id": 42,
    "test": "3029 5081 2979 7843 3029 4561 1003 3029 8744 0",
    "refs": [
      "7961 5081 532 7961 3086 7843 7961 6520 9378 9100 0",
      "7961 3193 6906 7843 7961 2840 9100 2936 5001 5327 0",
      "5081 3630 541 7843 7961 4561 7266 6041 0",
      "7961 3749 3193 477 9267 5413 7843 3029 4561 0",
      "4410 6520 5899 702 6949 6520 5396 3636 3029 6520 0"
    ]
  },
  {
    "image_id": 43,
    "test": "7961 5081 3684 7843 7961 7774 9378 3945 0",
    "refs": [
      "7961 5081 532 7961 3086 7843 7961 6520 9378 9100 0",
      "7961 3193 6906 7843 7961 2840 9100 2936 5001 5327 0",
      "5081 3630 541 7843 7961 4561 7266 6041 0",
      "7961 3749 3193 477 9267 5413 7843 3029 4561 0",
      "4410 6520 5899 702 6949 6520 5396 3636 3029 6520 0"
    ]
  },
  {
    "image_id": 44,
    "test": "7961 3193 3636 3781 3781 7272 4850 7843 7961 2042 4437 6520 0",
    "refs": [
      "7961 5081 532 7961 3086 7843 7961 6520 9378 9100 0",
      "7961 3193 6906 7843 7961 2840 9100 2936 5001 5327 0",
      "5081 3630 541 7843 7961 4561 7266 6041 0",
      "7961 3749 3193 477 9267 5413 7843 3029 4561 0",
      "4410 6520 5899 702 6949 6520 5396 3636 3029 6520 0"
    ]
  },
  {
    "image_id": 45,
    "test": "7961 8430 1603 7961 5729 5682 1051 3636 4972 700 6540 0",
    "refs": [
      "7961 309 2402 1086 3987 290 7961 5729 3857 0",
      "7961 5134 8430 6196 7961 5729 5682 3636 4972 8432 1137 0",
      "2597 715 5134 8430 7786 7961 3534 5729 5682 1051 0",
      "7961 8430 1603 4972 8144 3987 2598 3478 8080 5729 0",
      "7961 5134 2402 3630 6196 7961 5682 9196 7569 7961 3408 0"
    ]
  },
  {
    "image_id": 46,
    "test": "7961 9487 9196 7961 3636 7961 1137 290 6178 5729 6497 0",
    "refs": [
      "7961 309 2402 1086 3987 290 7961 5729 3857 0",
      "7961 5134 8430 6196 7961 5729 5682 3636 4972 8432 1137 0",
      "2597 715 5134 8430 7786 7961 3534 5729 5682 1051 0",
      "7961 8430 1603 4972 8144 3987 2598 3478 8080 5729 0",
      "7961 5134 2402 3630 6196 7961 5682 9196 7569 7961 3408 0"
    ]
  },
  {
    "image_id": 47,
    "test": "7961 8430 7786 7961 5729 8095 480 4993 7961 5001 4991 0",
    "refs": [
      "7961 309 2402 1086 3987 290 7961 5729 3857 0",
      "7961 5134 8430 6196 7961 5729 5682 3636 4972 8432 1137 0",
      "2597 715 5134 8430 7786 7961 3534 5729 5682 1051 0",
      "7961 8430 1603 4972 8144 3987 2598 3478 8080 5729 0",
      "7961 5134 2402 3630 6196 7961 5682 9196 7569 7961 3408 0"
    ]
  },
  {
    "image_id": 48,
    "test": "7961 3199 5148 3636 507 5083 7961 3857 3636 7961 8588 0",
    "refs": [
      "7961 309 2402 1086 3987 290 7961 5729 3857 0",
      "7961 5134 8430 6196 7961 5729 5682 3636 4972 8432 1137 0",
      "2597 715 5134 8430 7786 7961 3534 5729 5682 1051 0",
      "7961 8430 1603 4972 8144 3987 2598 3478 8080 5729 0",
      "7961 5134 2402 3630 6196 7961 5682 9196 7569 7961 3408 0"
    ]
  },
  {
    "image_id": 49,
    "test": "7961 8430 7786 5117 7961 471 5682 3857 0",
    "refs": [
      "7961 309 2402 1086 3987 290 7961 5729 3857 0",
      "7961 5134 8430 6196 7961 5729 5682 3636 4972 8432 1137 0",
      "2597 715 5134 8430 7786 7961 3534 5729 5682 1051 0",
      "7961 8430 1603 4972 8144 3987 2598 3478 8080 5729 0",
      "7961 5134 2402 3630 6196 7961 5682 9196 7569 7961 3408 0"
    ]
  },
  {
    "image_id": 50,
    "test": "7961 8128 3636 7961 9015 9196 8018 9015 0",
    "refs": [
      "7961 919 5117 4437 7961 5081 8309 7961 8018 9015 0",
      "7961 8128 8309 7961 4062 8018 9015 5481 7477 0",
      "7961 8128 1294 7961 7945 5208 8012 8309 7961 4062 8018 9015 0",
      "7961 5134 8128 8309 7961 4062 8018 9015 9196 9084 2102 290 3781 2623 3079 7477",
      "7961 1281 5481 7477 8309 7961 4062 8018 9015 0"
    ]
  },
  {
    "image_id": 51,
    "test": "7961 8128 3636 7961 9015 9196 7961 8018 9015 0",
    "refs": [
      "7961 919 5117 4437 7961 5081 8309 7961 8018 9015 0",
      "7961 8128 8309 7961 4062 8018 9015 5481 7477 0",
      "7961 8128 1294 7961 7945 5208 8012 8309 7961 4062 8018 9015 0",
      "7961 5134 8128 8309 7961 4062 8018 9015 9196 9084 2102 290 3781 2623 3079 7477",
      "7961 1281 5481 7477 8309 7961 4062 8018 9015 0"
    ]
  },
  {
    "image_id": 52,
    "test": "7961 8128 290 7961 8018 9015 9196 7961 2102 0",
    "refs": [
      "7961 919 5117 4437 7961 5081 8309 7961 8018 9015 0",
      "7961 8128 8309 7961 4062 8018 9015 5481 7477 0",
      "7961 8128 1294 7961 7945 5208 8012 8309 7961 4062 8018 9015 0",
      "7961 5134 8128 8309 7961 4062 8018 9015 9196 9084 2102 290 3781 2623 3079 7477",
      "7961 1281 5481 7477 8309 7961 4062 8018 9015 0"
    ]
  },
  {
    "image_id": 53,
    "test": "7961 8128 3636 7961 8018 9015 9196 7961 8018 9015 0",
    "refs": [
      "7961 919 5117 4437 7961 5081 8309 7961 8018 9015 0",
      "7961 8128 8309 7961 4062 8018 9015 5481 7477 0",
      "7961 8128 1294 7961 7945 5208 8012 8309 7961 4062 8018 9015 0",
      "7961 5134 8128 8309 7961 4062 8018 9015 9196 9084 2102 290 3781 2623 3079 7477",
      "7961 1281 5481 7477 8309 7961 4062 8018 9015 0"
    ]
  },
  {
    "image_id": 54,
    "test": "7961 5134 1281 8309 7961 3781 8018 9015 9196 7961 8018 9015 0",
    "refs": [
      "7961 919 5117 4437 7961 5081 8309 7961 8018 9015 0",
      "7961 8128 8309 7961 4062 8018 9015 5481 7477 0",
      "7961 8128 1294 7961 7945 5208 8012 8309 7961 4062 8018 9015 0",
      "7961 5134 8128 8309 7961 4062 8018 9015 9196 9084 2102 290 3781 2623 3079 7477",
      "7961 1281 5481 7477 8309 7961 4062 8018 9015 0"
    ]
  },
  {
    "image_id": 55,
    "test": "7961 5839 1278 290 3046 69 702 7961 9157 0",
    "refs": [
      "7961 5839 1278 290 69 9196 2966 9462 6846 0",
      "8310 69 8453 3046 9057 3636 7961 5839 0",
      "3029 3046 9196 9084 69 8133 3636 7961 3426 7055 5839 0",
      "7961 5839 3630 314 4437 3046 9196 9084 69 0",
      "3029 3046 9196 3426 69 8133 3636 7961 5839 0"
    ]
  },
  {
    "image_id": 56,
    "test": "7961 5839 1278 290 3046 9196 9084 69 0",
    "refs": [
      "7961 5839 1278 290 69 9196 2966 9462 6846 0",
      "8310 69 8453 3046 9057 3636 7961 5839 0",
      "3029 3046 9196 9084 69 8133 3636 7961 3426 7055 5839 0",
      "7961 5839 3630 314 4437 3046 9196 9084 69 0",
      "3029 3046 9196 3426 69 8133 3636 7961 5839 0"
    ]
  },
  {
    "image_id": 57,
    "test": "7961 5839 1278 290 3046 9196 9084 69 0",
    "refs": [
      "7961 5839 1278 290 69 9196 2966 9462 6846 0",
      "8310 69 8453 3046 9057 3636 7961 5839 0",
      "3029 3046 9196 9084 69 8133 3636 7961 3426 7055 5839 0",
      "7961 5839 3630 314 4437 3046 9196 9084 69 0",
      "3029 3046 9196 3426 69 8133 3636 7961 5839 0"
    ]
  },
  {
    "image_id": 58,
    "test": "7961 5839 1278 290 3046 69 1419 702 7961 9157 0",
    "refs": [
      "7961 5839 1278 290 69 9196 2966 9462 6846 0",
      "8310 69 8453 3046 9057 3636 7961 5839 0",
      "3029 3046 9196 9084 69 8133 3636 7961 3426 7055 5839 0",
      "7961 5839 3630 314 4437 3046 9196 9084 69 0",
      "3029 3046 9196 3426 69 8133 3636 7961 5839 0"
    ]
  },
  {
    "image_id": 59,
    "test": "7961 5839 1278 290 3046 9196 9084 69 0",
    "refs": [
      "7961 5839 1278 290 69 9196 2966 9462 6846 0",
      "8310 69 8453 3046 9057 3636 7961 5839 0",
      "3029 3046 9196 9084 69 8133 3636 7961 3426 7055 5839 0",
      "7961 5839 3630 314 4437 3046 9196 9084 69 0",
      "3029 3046 9196 3426 69 8133 3636 7961 5839 0"
    ]
  },
  {
    "image_id": 60,
    "test": "7961 8128 1419 702 7961 156 5083 7961 8989 0",
    "refs": [
      "7961 8128 1419 702 7961 634 2599 7961 9157 5083 7961 8989 0",
      "7961 5081 3630 1419 3636 7961 156 2599 7961 9157 290 7961 8989 8170 0",
      "7961 5081 1419 702 634 7569 4614 702 6949 7686 6506 0",
      "7961 8128 1419 2599 7961 9157 5083 7961 7686 6506 0",
      "7961 8128 3636 7961 2966 9487 2305 8912 7961 8989 0"
    ]
  },
  {
    "image_id": 61,
    "test": "7961 8128 1419 3636 7961 5456 5083 7961 8989 0",
    "refs": [
      "7961 8128 1419 702 7961 634 2599 7961 9157 5083 7961 8989 0",
      "7961 5081 3630 1419 3636 7961 156 2599 7961 9157 290 7961 8989 8170 0",
      "7961 5081 1419 702 634 7569 4614 702 6949 7686 6506 0",
      "7961 8128 1419 2599 7961 9157 5083 7961 7686 6506 0",
      "7961 8128 3636 7961 2966 9487 2305 8912 7961 8989 0"
    ]
  },
  {
    "image_id": 62,
    "test": "7961 8128 1419 3636 7961 156 5083 7961 8989 8170 0",
    "refs": [
      "7961 8128 1419 702 7961 634 2599 7961 9157 5083 7961 8989 0",
      "7961 5081 3630 1419 3636 7961 156 2599 7961 9157 290 7961 8989 8170 0",
      "7961 5081 1419 702 634 7569 4614 702 6949 7686 6506 0",
      "7961 8128 1419 2599 7961 9157 5083 7961 7686 6506 0",
      "7961 8128 3636 7961 2966 9487 2305 8912 7961 8989 0"
    ]
  },
  {
    "image_id": 63,
    "test": "7961 8128 1419 3636 7961 156 5083 7961 8989 8170 0",
    "refs": [
      "7961 8128 1419 702 7961 634 2599 7961 9157 5083 7961 8989 0",
      "7961 5081 3630 1419 3636 7961 156 2599 7961 9157 290 7961 8989 8170 0",
      "7961 5081 1419 702 634 7569 4614 702 6949 7686 6506 0",
      "7961 8128 1419 2599 7961 9157 5083 7961 7686 6506 0",
      "7961 8128 3636 7961 2966 9487 2305 8912 7961 8989 0"
    ]
  },
  {
    "image_id": 64,
    "test": "7961 8128 1419 3636 7961 156 5083 7961 8989 0",
    "refs": [
      "7961 8128 1419 702 7961 634 2599 7961 9157 5083 7961 8989 0",
      "7961 5081 3630 1419 3636 7961 156 2599 7961 9157 290 7961 8989 8170 0",
      "7961 5081 1419 702 634 7569 4614 702 6949 7686 6506 0",
      "7961 8128 1419 2599 7961 9157 5083 7961 7686 6506 0",
      "7961 8128 3636 7961 2966 9487 2305 8912 7961 8989 0"
    ]
  },
  {
    "image_id": 65,
    "test": "7961 689 290 7961 6964 9196 7961 1249 0",
    "refs": [
      "7961 9084 6964 3609 8916 3636 7961 689 0",
      "7961 6753 1958 6811 2164 3029 5143 4437 2597 8916 0",
      "689 290 2343 9207 9196 7791 850 0",
      "7961 689 515 943 7961 6964 8916 9196 2938 0",
      "7961 3240 309 8916 3636 7961 973 689 0"
    ]
  },
  {
    "image_id": 66,
    "test": "7961 689 290 7961 6964 9196 7961 1249 0",
    "refs": [
      "7961 9084 6964 3609 8916 3636 7961 689 0",
      "7961 6753 1958 6811 2164 3029 5143 4437 2597 8916 0",
      "689 290 2343 9207 9196 7791 850 0",
      "7961 689 515 943 7961 6964 8916 9196 2938 0",
      "7961 3240 309 8916 3636 7961 973 689 0"
    ]
  },
  {
    "image_id": 67,
    "test": "7961 689 290 7961 6964 9196 7961 1249 0",
    "refs": [
      "7961 9084 6964 3609 8916 3636 7961 689 0",
      "7961 6753 1958 6811 2164 3029 5143 4437 2597 8916 0",
      "689 290 2343 9207 9196 7791 850 0",
      "7961 689 515 943 7961 6964 8916 9196 2938 0",
      "7961 3240 309 8916 3636 7961 973 689 0"
    ]
  },
  {
    "image_id": 68,
    "test": "7961 689 290 7961 6964 9196 7961 1249 0",
    "refs": [
      "7961 9084 6964 3609 8916 3636 7961 689 0",
      "7961 6753 1958 6811 2164 3029 5143 4437 2597 8916 0",
      "689 290 2343 9207 9196 7791 850 0",
      "7961 689 515 943 7961 6964 8916 9196 2938 0",
      "7961 3240 309 8916 3636 7961 973 689 0"
    ]
  },
  {
    "image_id": 69,
    "test": "7961 689 290 7961 6964 9196 7961 6964 0",
    "refs": [
      "7961 9084 6964 3609 8916 3636 7961 689 0",
      "7961 6753 1958 6811 2164 3029 5143 4437 2597 8916 0",
      "689 290 2343 9207 9196 7791 850 0",
      "7961 689 515 943 7961 6964 8916 9196 2938 0",
      "7961 3240 309 8916 3636 7961 973 689 0"
    ]
  },
  {
    "image_id": 70,
    "test": "6178 2367 2792 3636 7961 3853 290 7961 4561 3636 3029 8348 0",
    "refs": [
      "7961 429 4437 4358 2792 3636 3029 1978 0",
      "6178 2367 3636 3287 7918 480 4993 3318 0",
      "4270 2367 7857 8133 2792 3064 702 8035 3287 0",
      "8325 4358 8133 2792 2936 6023 7791 1978 0",
      "6178 4358 2792 480 4993 6493 4701 702 7961 2042 0"
    ]
  },
  {
    "image_id": 71,
    "test": "6178 2367 2792 3636 7961 3853 290 3318 3636 3029 8348 0",
    "refs": [
      "7961 429 4437 4358 2792 3636 3029 1978 0",
      "6178 2367 3636 3287 7918 480 4993 3318 0",
      "4270 2367 7857 8133 2792 3064 702 8035 3287 0",
      "8325 4358 8133 2792 2936 6023 7791 1978 0",
      "6178 4358 2792 480 4993 6493 4701 702 7961 2042 0"
    ]
  },
  {
    "image_id": 72,
    "test": "6178 2367 2792 3636 7961 3853 290 3318 3636 3029 8348 0",
    "refs": [
      "7961 429 4437 4358 2792 3636 3029 1978 0",
      "6178 2367 3636 3287 7918 480 4993 3318 0",
      "4270 2367 7857 8133 2792 3064 702 8035 3287 0",
      "8325 4358 8133 2792 2936 6023 7791 1978 0",
      "6178 4358 2792 480 4993 6493 4701 702 7961 2042 0"
    ]
  },
  {
    "image_id": 73,
    "test": "6178 2367 2792 3636 3029 1978 2936 7961 4755 0",
    "refs": [
      "7961 429 4437 4358 2792 3636 3029 1978 0",
      "6178 2367 3636 3287 7918 480 4993 3318 0",
      "4270 2367 7857 8133 2792 3064 702 8035 3287 0",
      "8325 4358 8133 2792 2936 6023 7791 1978 0",
      "6178 4358 2792 480 4993 6493 4701 702 7961 2042 0"
    ]
  },
  {
    "image_id": 74,
    "test": "6178 2367 2792 3636 3029 1978 2936 7961 4755 0",
    "refs": [
      "7961 429 4437 4358 2792 3636 3029 1978 0",
      "6178 2367 3636 3287 7918 480 4993 3318 0",
      "4270 2367 7857 8133 2792 3064 702 8035 3287 0",
      "8325 4358 8133 2792 2936 6023 7791 1978 0",
      "6178 4358 2792 480 4993 6493 4701 702 7961 2042 0"
    ]
  },
  {
    "image_id": 75,
    "test": "7961 274 6928 290 7961 2966 6928 702 3632 0",
    "refs": [
      "7961 3330 7857 3630 2966 702 3029 4163 0",
      "7961 274 6928 3636 7961 8661 4905 290 7961 7928 3298 3636 644 4045 8052 0",
      "7961 7928 7857 3630 6952 644 7928 702 7386 7326 0",
      "7961 4905 4045 8052 9224 4701 4905 4045 3636 3029 8348 7961 274 6928 3630 3636",
      "7961 274 6928 290 7961 7928 3636 3029 8348 0"
    ]
  },
  {
    "image_id": 76,
    "test": "7961 274 6928 290 7961 2966 6928 702 3632 0",
    "refs": [
      "7961 3330 7857 3630 2966 702 3029 4163 0",
      "7961 274 6928 3636 7961 8661 4905 290 7961 7928 3298 3636 644 4045 8052 0",
      "7961 7928 7857 3630 6952 644 7928 702 7386 7326 0",
      "7961 4905 4045 8052 9224 4701 4905 4045 3636 3029 8348 7961 274 6928 3630 3636",
      "7961 274 6928 290 7961 7928 3636 3029 8348 0"
    ]
  },
  {
    "image_id": 77,
    "test": "7961 274 6928 290 7961 2966 6928 702 3632 0",
    "refs": [
      "7961 3330 7857 3630 2966 702 3029 4163 0",
      "7961 274 6928 3636 7961 8661 4905 290 7961 7928 3298 3636 644 4045 8052 0",
      "7961 7928 7857 3630 6952 644 7928 702 7386 7326 0",
      "7961 4905 4045 8052 9224 4701 4905 4045 3636 3029 8348 7961 274 6928 3630 3636",
      "7961 274 6928 290 7961 7928 3636 3029 8348 0"
    ]
  },
  {
    "image_id": 78,
    "test": "7961 274 6928 290 7961 2966 6928 702 3632 0",
    "refs": [
      "7961 3330 7857 3630 2966 702 3029 4163 0",
      "7961 274 6928 3636 7961 8661 4905 290 7961 7928 3298 3636 644 4045 8052 0",
      "7961 7928 7857 3630 6952 644 7928 702 7386 7326 0",
      "7961 4905 4045 8052 9224 4701 4905 4045 3636 3029 8348 7961 274 6928 3630 3636",
      "7961 274 6928 290 7961 7928 3636 3029 8348 0"
    ]
  },
  {
    "image_id": 79,
    "test": "7961 274 6928 290 7961 2966 6928 702 3632 0",
    "refs": [
      "7961 3330 7857 3630 2966 702 3029 4163 0",
      "7961 274 6928 3636 7961 8661 4905 290 7961 7928 3298 3636 644 4045 8052 0",
      "7961 7928 7857 3630 6952 644 7928 702 7386 7326 0",
      "7961 4905 4045 8052 9224 4701 4905 4045 3636 3029 8348 7961 274 6928 3630 3636",
      "7961 274 6928 290 7961 7928 3636 3029 8348 0"
    ]
  },
  {
    "image_id": 80,
    "test": "7961 8128 532 7961 1624 7843 7961 4163 0",
    "refs": [
      "7961 1250 491 7843 3029 4849 7888 3526 110 702 7961 4062 111 0",
      "7961 1624 7223 1699 7843 7961 7888 2599 2599 6221 0",
      "5954 6683 541 290 9267 3146 2936 2744 0",
      "7961 5081 532 7961 4849 5396 702 7961 4849 6221 0",
      "7961 5081 7857 3630 6683 541 290 5833 0"
    ]
  },
  {
    "image_id": 81,
    "test": "7961 8128 532 7961 1624 7843 7961 4457 8512 0",
    "refs": [
      "7961 1250 491 7843 3029 4849 7888 3526 110 702 7961 4062 111 0",
      "7961 1624 7223 1699 7843 7961 7888 2599 2599 6221 0",
      "5954 6683 541 290 9267 3146 2936 2744 0",
      "7961 5081 532 7961 4849 5396 702 7961 4849 6221 0",
      "7961 5081 7857 3630 6683 541 290 5833 0"
    ]
  },
  {
    "image_id": 82,
    "test": "7961 1250 3630 6446 702 7961 1624 3636 7961 6221 0",
    "refs": [
      "7961 1250 491 7843 3029 4849 7888 3526 110 702 7961 4062 111 0",
      "7961 1624 7223 1699 7843 7961 7888 2599 2599 6221 0",
      "5954 6683 541 290 9267 3146 2936 2744 0",
      "7961 5081 532 7961 4849 5396 702 7961 4849 6221 0",
      "7961 5081 7857 3630 6683 541 290 5833 0"
    ]
  },
  {
    "image_id": 83,
    "test": "7961 8128 532 7961 1624 7843 7961 4163 0",
    "refs": [
      "7961 1250 491 7843 3029 4849 7888 3526 110 702 7961 4062 111 0",
      "7961 1624 7223 1699 7843 7961 7888 2599 2599 6221 0",
      "5954 6683 541 290 9267 3146 2936 2744 0",
      "7961 5081 532 7961 4849 5396 702 7961 4849 6221 0",
      "7961 5081 7857 3630 6683 541 290 5833 0"
    ]
  },
  {
    "image_id": 84,
    "test": "7961 8128 3630 532 7961 1624 7843 7961 8512 0",
    "refs": [
      "7961 1250 491 7843 3029 4849 7888 3526 110 702 7961 4062 111 0",
      "7961 1624 7223 1699 7843 7961 7888 2599 2599 6221 0",
      "5954 6683 541 290 9267 3146 2936 2744 0",
      "7961 5081 532 7961 4849 5396 702 7961 4849 6221 0",
      "7961 5081 7857 3630 6683 541 290 5833 0"
    ]
  },
  {
    "image_id": 85,
    "test": "7961 4163 4859 290 7961 4163 4859 702 3632 0",
    "refs": [
      "7961 4401 290 4270 4163 348 2744 7961 7928 0",
      "6178 1714 4163 348 3235 3636 233 4479 0",
      "2597 1072 110 4270 8512 348 702 3632 0",
      "3029 4163 348 6079 3029 6082 4437 1080 5413 9196 5508 2033 0",
      "4163 348 2425 3029 1072 4437 1080 5413 9196 5508 2033 0"
    ]
  },
  {
    "image_id": 86,
    "test": "7961 4163 4859 290 7961 4163 4859 702 3632 0",
    "refs": [
      "7961 4401 290 4270 4163 348 2744 7961 7928 0",
      "6178 1714 4163 348 3235 3636 233 4479 0",
      "2597 1072 110 4270 8512 348 702 3632 0",
      "3029 4163 348 6079 3029 6082 4437 1080 5413 9196 5508 2033 0",
      "4163 348 2425 3029 1072 4437 1080 5413 9196 5508 2033 0"
    ]
  },
  {
    "image_id": 87,
    "test": "7961 4163 4859 290 7961 4163 4859 702 3632 0",
    "refs": [
      "7961 4401 290 4270 4163 348 2744 7961 7928 0",
      "6178 1714 4163 348 3235 3636 233 4479 0",
      "2597 1072 110 4270 8512 348 702 3632 0",
      "3029 4163 348 6079 3029 6082 4437 1080 5413 9196 5508 2033 0",
      "4163 348 2425 3029 1072 4437 1080 5413 9196 5508 2033 0"
    ]
  },
  {
    "image_id": 88,
    "test": "7961 4163 4859 290 7961 4163 4859 702 3632 0",
    "refs": [
      "7961 4401 290 4270 4163 348 2744 7961 7928 0",
      "6178 1714 4163 348 3235 3636 233 4479 0",
      "2597 1072 110 4270 8512 348 702 3632 0",
      "3029 4163 348 6079 3029 6082 4437 1080 5413 9196 5508 2033 0",
      "4163 348 2425 3029 1072 4437 1080 5413 9196 5508 2033 0"
    ]
  },
  {
    "image_id": 89,
    "test": "7961 4163 4859 290 7961 4163 4859 702 3632 0",
    "refs": [
      "7961 4401 290 4270 4163 348 2744 7961 7928 0",
      "6178 1714 4163 348 3235 3636 233 4479 0",
      "2597 1072 110 4270 8512 348 702 3632 0",
      "3029 4163 348 6079 3029 6082 4437 1080 5413 9196 5508 2033 0",
      "4163 348 2425 3029 1072 4437 1080 5413 9196 5508 2033 0"
    ]
  },
  {
    "image_id": 90,
    "test": "7961 5081 532 7961 3086 7843 7961 6520 9378 9100 0",
    "refs": [
      "7961 5081 532 7961 3086 7843 7961 6520 9378 9100 0",
      "7961 3193 6906 7843 7961 2840 9100 2936 5001 5327 0",
      "5081 3630 541 7843 7961 4561 7266 6041 0",
      "7961 3749 3193 477 9267 5413 7843 3029 4561 0",
      "4410 6520 5899 702 6949 6520 5396 3636 3029 6520 0"
    ]
  },
  {
    "image_id": 91,
    "test": "7961 5081 532 7961 3086 7843 7961 6520 9378 9100 0",
    "refs": [
      "7961 5081 532 7961 3086 7843 7961 6520 9378 9100 0",
      "7961 3193 6906 7843 7961 2840 9100 2936 5001 5327 0",
      "5081 3630 541 7843 7961 4561 7266 6041 0",
      "7961 3749 3193 477 9267 5413 7843 3029 4561 0",
      "4410 6520 5899 702 6949 6520 5396 3636 3029 6520 0"
    ]
  },
  {
    "image_id": 92,
    "test": "7961 5081 532 7961 3086 7843 7961 6520 9378 9100 0",
    "refs": [
      "7961 5081 532 7961 3086 7843 7961 6520 9378 9100 0",
      "7961 3193 6906 7843 7961 2840 9100 2936 5001 5327 0",
      "5081 3630 541 7843 7961 4561 7266 6041 0",
      "7961 3749 3193 477 9267 5413 7843 3029 4561 0",
      "4410 6520 5899 702 6949 6520 5396 3636 3029 6520 0"
    ]
  },
  {
    "image_id": 93,
    "test": "7961 5081 532 7961 3086 7843 7961 6520 9378 9100 0",
    "refs": [
      "7961 5081 532 7961 3086 7843 7961 6520 9378 9100 0",
      "7961 3193 6906 7843 7961 2840 9100 2936 5001 5327 0",
      "5081 3630 541 7843 7961 4561 7266 6041 0",
      "7961 3749 3193 477 9267 5413 7843 3029 4561 0",
      "4410 6520 5899 702 6949 6520 5396 3636 3029 6520 0"
    ]
  },
  {
    "image_id": 94,
    "test": "7961 5081 532 7961 3086 7843 7961 6520 9378 9100 0",
    "refs": [
      "7961 5081 532 7961 3086 7843 7961 6520 9378 9100 0",
      "7961 3193 6906 7843 7961 2840 9100 2936 5001 5327 0",
      "5081 3630 541 7843 7961 4561 7266 6041 0",
      "7961 3749 3193 477 9267 5413 7843 3029 4561 0",
      "4410 6520 5899 702 6949 6520 5396 3636 3029 6520 0"
    ]
  },
  {
    "image_id": 95,
    "test": "7961 5134 8430 7786 7961 3534 5729 5682 1051 0",
    "refs": [
      "7961 309 2402 1086 3987 290 7961 5729 3857 0",
      "7961 5134 8430 6196 7961 5729 5682 3636 4972 8432 1137 0",
      "2597 715 5134 8430 7786 7961 3534 5729 5682 1051 0",
      "7961 8430 1603 4972 8144 3987 2598 3478 8080 5729 0",
      "7961 5134 2402 3630 6196 7961 5682 9196 7569 7961 3408 0"
    ]
  },
  {
    "image_id": 96,
    "test": "7961 4465 2792 3636 7961 1137 290 7961 5729 3857 0",
    "refs": [
      "7961 309 2402 1086 3987 290 7961 5729 3857 0",
      "7961 5134 8430 6196 7961 5729 5682 3636 4972 8432 1137 0",
      "2597 715 5134 8430 7786 7961 3534 5729 5682 1051 0",
      "7961 8430 1603 4972 8144 3987 2598 3478 8080 5729 0",
      "7961 5134 2402 3630 6196 7961 5682 9196 7569 7961 3408 0"
    ]
  },
  {
    "image_id": 97,
    "test": "7961 4465 3636 7961 4062 2102 6196 7961 471 5682 0",
    "refs": [
      "7961 309 2402 1086 3987 290 7961 5729 3857 0",
      "7961 5134 8430 6196 7961 5729 5682 3636 4972 8432 1137 0",
      "2597 715 5134 8430 7786 7961 3534 5729 5682 1051 0",
      "7961 8430 1603 4972 8144 3987 2598 3478 8080 5729 0",
      "7961 5134 2402 3630 6196 7961 5682 9196 7569 7961 3408 0"
    ]
  },
  {
    "image_id": 98,
    "test": "7961 4465 3636 7961 3426 2102 6196 7961 5682 290 7961 3534 5729 1051",
    "refs": [
      "7961 309 2402 1086 3987 290 7961 5729 3857 0",
      "7961 5134 8430 6196 7961 5729 5682 3636 4972 8432 1137 0",
      "2597 715 5134 8430 7786 7961 3534 5729 5682 1051 0",
      "7961 8430 1603 4972 8144 3987 2598 3478 8080 5729 0",
      "7961 5134 2402 3630 6196 7961 5682 9196 7569 7961 3408 0"
    ]
  },
  {
    "image_id": 99,
    "test": "7961 4465 3636 7961 3426 2102 6196 7961 5682 290 7961 3534 5729 1051",
    "refs": [
      "7961 309 2402 1086 3987 290 7961 5729 3857 0",
      "7961 5134 8430 6196 7961 5729 5682 3636 4972 8432 1137 0",
      "2597 715 5134 8430 7786 7961 3534 5729 5682 1051 0",
      "7961 8430 1603 4972 8144 3987 2598 3478 8080 5729 0",
      "7961 5134 2402 3630 6196 7961 5682 9196 7569 7961 3408 0"
    ]
  }
]