[
  {
    "image_id": 0,
    "test": "7961 8128 2530 7843 7961 4905 4163 2936 6178 1513 9196 0",
    "refs": [
      "1125 1419 702 7961 1566 2598 7961 4465 8306 4993 6978 702 2744 0",
      "7961 8174 4437 5134 1125 8133 6196 9032 702 3029 4905 4163 0",
      "6178 1125 6196 8979 290 7961 9032 702 3029 4163 0",
      "2423 702 7961 4163 8035 6196 8979 8012 8707 6529 0",
      "2423 290 9032 3324 702 3029 4163 9196 7801 0"
    ]
  },
  {
    "image_id": 1,
    "test": "7961 4465 532 7961 5280 7843 7961 8512 480 4993 4045 0",
    "refs": [
      "1125 1419 702 7961 1566 2598 7961 4465 8306 4993 6978 702 2744 0",
      "7961 8174 4437 5134 1125 8133 6196 9032 702 3029 4905 4163 0",
      "6178 1125 6196 8979 290 7961 9032 702 3029 4163 0",
      "2423 702 7961 4163 8035 6196 8979 8012 8707 6529 0",
      "2423 290 9032 3324 702 3029 4163 9196 7801 0"
    ]
  },
  {
    "image_id": 2,
    "test": "2423 4570 6460 3029 4959 2425 7961 4905 4163 0",
    "refs": [
      "1125 1419 702 7961 1566 2598 7961 4465 8306 4993 6978 702 2744 0",
      "7961 8174 4437 5134 1125 8133 6196 9032 702 3029 4905 4163 0",
      "6178 1125 6196 8979 290 7961 9032 702 3029 4163 0",
      "2423 702 7961 4163 8035 6196 8979 8012 8707 6529 0",
      "2423 290 9032 3324 702 3029 4163 9196 7801 0"
    ]
  },
  {
    "image_id": 3,
    "test": "7961 8128 290 7961 1929 6683 1003 7961 7169 4437 6221 0",
    "refs": [
      "1125 1419 702 7961 1566 2598 7961 4465 8306 4993 6978 702 2744 0",
      "7961 8174 4437 5134 1125 8133 6196 9032 702 3029 4905 4163 0",
      "6178 1125 6196 8979 290 7961 9032 702 3029 4163 0",
      "2423 702 7961 4163 8035 6196 8979 8012 8707 6529 0",
      "2423 290 9032 3324 702 3029 4163 9196 7801 0"
    ]
  },
  {
    "image_id": 4,
    "test": "3029 8133 348 2423 991 7961 3029 4163 0",
    "refs": [
      "1125 1419 702 7961 1566 2598 7961 4465 8306 4993 6978 702 2744 0",
      "7961 8174 4437 5134 1125 8133 6196 9032 702 3029 4905 4163 0",
      "6178 1125 6196 8979 290 7961 9032 702 3029 4163 0",
      "2423 702 7961 4163 8035 6196 8979 8012 8707 6529 0",
      "2423 290 9032 3324 702 3029 4163 9196 7801 0"
    ]
  },
  {
    "image_id": 5,
    "test": "7961 4959 5458 3630 5072 7961 7961 6081 0",
    "refs": [
      "1975 3630 7961 309 4497 1419 702 7961 1280 0",
      "7961 3781 7791 9196 9084 5458 9196 219 6081 0",
      "7961 6049 4497 6196 702 7961 4506 6016 0",
      "7961 5458 6822 702 7961 4506 5396 2936 7961 6081 0",
      "7961 309 5458 7360 480 4993 7961 3781 6081 0"
    ]
  },
  {
    "image_id": 6,
    "test": "3781 9196 2969 3630 7162 1368 2597 152 4437 3029 6081 0",
    "refs": [
      "1975 3630 7961 309 4497 1419 702 7961 1280 0",
      "7961 3781 7791 9196 9084 5458 9196 219 6081 0",
      "7961 6049 4497 6196 702 7961 4506 6016 0",
      "7961 5458 6822 702 7961 4506 5396 2936 7961 6081 0",
      "7961 309 5458 7360 480 4993 7961 3781 6081 0"
    ]
  },
  {
    "image_id": 7,
    "test": "3029 5458 2530 702 6506 4437 7961 6081 6081 0",
    "refs": [
      "1975 3630 7961 309 4497 1419 702 7961 1280 0",
      "7961 3781 7791 9196 9084 5458 9196 219 6081 0",
      "7961 6049 4497 6196 702 7961 4506 6016 0",
      "7961 5458 6822 702 7961 4506 5396 2936 7961 6081 0",
      "7961 309 5458 7360 480 4993 7961 3781 6081 0"
    ]
  },
  {
    "image_id": 8,
    "test": "7961 3781 9196 9084 7420 2858 8133 5614 8035 6122 0",
    "refs": [
      "1975 3630 7961 309 4497 1419 702 7961 1280 0",
      "7961 3781 7791 9196 9084 5458 9196 219 6081 0",
      "7961 6049 4497 6196 702 7961 4506 6016 0",
      "7961 5458 6822 702 7961 4506 5396 2936 7961 6081 0",
      "7961 309 5458 7360 480 4993 7961 3781 6081 0"
    ]
  },
  {
    "image_id": 9,
    "test": "7961 3781 1419 290 7961 3659 4437 1302 0",
    "refs": [
      "1975 3630 7961 309 4497 1419 702 7961 1280 0",
      "7961 3781 7791 9196 9084 5458 9196 219 6081 0",
      "7961 6049 4497 6196 702 7961 4506 6016 0",
      "7961 5458 6822 702 7961 4506 5396 2936 7961 6081 0",
      "7961 309 5458 7360 480 4993 7961 3781 6081 0"
    ]
  },
  {
    "image_id": 10,
    "test": "7961 6826 7563 5241 3636 7961 7631 9250 0",
    "refs": [
      "7961 2966 7563 3471 480 4993 7961 8128 2792 3636 8108 4437 7961 5456 0",
      "9442 2966 8260 7563 290 2286 5104 8442 0",
      "2597 3045 7563 702 1098 2599 7961 9354 4366 0",
      "7961 2966 7563 290 7961 2286 8442 2599 7961 9487 0",
      "2597 3045 7563 6822 702 1098 3636 8583 2606 0"
    ]
  },
  {
    "image_id": 11,
    "test": "7961 5797 5481 7961 7563 702 1098 3636 7961 7928 6077 0",
    "refs": [
      "7961 2966 7563 3471 480 4993 7961 8128 2792 3636 8108 4437 7961 5456 0",
      "9442 2966 8260 7563 290 2286 5104 8442 0",
      "2597 3045 7563 702 1098 2599 7961 9354 4366 0",
      "7961 2966 7563 290 7961 2286 8442 2599 7961 9487 0",
      "2597 3045 7563 6822 702 1098 3636 8583 2606 0"
    ]
  },
  {
    "image_id": 12,
    "test": "7961 1845 7563 3630 1419 1098 702 7961 5645 0",
    "refs": [
      "7961 2966 7563 3471 480 4993 7961 8128 2792 3636 8108 4437 7961 5456 0",
      "9442 2966 8260 7563 290 2286 5104 8442 0",
      "2597 3045 7563 702 1098 2599 7961 9354 4366 0",
      "7961 2966 7563 290 7961 2286 8442 2599 7961 9487 0",
      "2597 3045 7563 6822 702 1098 3636 8583 2606 0"
    ]
  },
  {
    "image_id": 13,
    "test": "7961 2343 7563 702 4411 9196 6506 4437 6481 1212 0",
    "refs": [
      "7961 2966 7563 3471 480 4993 7961 8128 2792 3636 8108 4437 7961 5456 0",
      "9442 2966 8260 7563 290 2286 5104 8442 0",
      "2597 3045 7563 702 1098 2599 7961 9354 4366 0",
      "7961 2966 7563 290 7961 2286 8442 2599 7961 9487 0",
      "2597 3045 7563 6822 702 1098 3636 8583 2606 0"
    ]
  },
  {
    "image_id": 14,
    "test": "7961 7563 702 1098 3636 7961 6079 1137 0",
    "refs": [
      "7961 2966 7563 3471 480 4993 7961 8128 2792 3636 8108 4437 7961 5456 0",
      "9442 2966 8260 7563 290 2286 5104 8442 0",
      "2597 3045 7563 702 1098 2599 7961 9354 4366 0",
      "7961 2966 7563 290 7961 2286 8442 2599 7961 9487 0",
      "2597 3045 7563 6822 702 1098 3636 8583 2606 0"
    ]
  },
  {
    "image_id": 15,
    "test": "7961 9099 4437 7961 5839 290 7961 1845 69 5241 7961 156 4957 3632 0",
    "refs": [
      "7961 1714 2569 702 7961 309 9157 1278 290 3747 69 0",
      "3029 5001 9487 4437 69 1638 4259 579 702 7961 309 9157 0",
      "7961 8592 5839 3630 1419 702 7961 4371 6460 2597 7146 4221 5481 3372 0",
      "7961 5001 9054 5741 1419 702 7961 9157 3636 3029 3472 4437 7961 8588 0",
      "7961 5001 5839 290 69 1419 702 7961 309 9157 0"
    ]
  },
  {
    "image_id": 16,
    "test": "7961 7973 6869 3630 3630 3706 3636 3029 9157 0",
    "refs": [
      "7961 1714 2569 702 7961 309 9157 1278 290 3747 69 0",
      "3029 5001 9487 4437 69 1638 4259 579 702 7961 309 9157 0",
      "7961 8592 5839 3630 1419 702 7961 4371 6460 2597 7146 4221 5481 3372 0",
      "7961 5001 9054 5741 1419 702 7961 9157 3636 3029 3472 4437 7961 8588 0",
      "7961 5001 5839 290 69 1419 702 7961 309 9157 0"
    ]
  },
  {
    "image_id": 17,
    "test": "7961 7610 702 702 7961 5792 4437 7961 698 5252 702 8133 2697 290 7961 9487",
    "refs": [
      "7961 1714 2569 702 7961 309 9157 1278 290 3747 69 0",
      "3029 5001 9487 4437 69 1638 4259 579 702 7961 309 9157 0",
      "7961 8592 5839 3630 1419 702 7961 4371 6460 2597 7146 4221 5481 3372 0",
      "7961 5001 9054 5741 1419 702 7961 9157 3636 3029 3472 4437 7961 8588 0",
      "7961 5001 5839 290 69 1419 702 7961 309 9157 0"
    ]
  },
  {
    "image_id": 18,
    "test": "7961 2966 5839 9084 7824 6951 290 7791 69 0",
    "refs": [
      "7961 1714 2569 702 7961 309 9157 1278 290 3747 69 0",
      "3029 5001 9487 4437 69 1638 4259 579 702 7961 309 9157 0",
      "7961 8592 5839 3630 1419 702 7961 4371 6460 2597 7146 4221 5481 3372 0",
      "7961 5001 9054 5741 1419 702 7961 9157 3636 3029 3472 4437 7961 8588 0",
      "7961 5001 5839 290 69 1419 702 7961 309 9157 0"
    ]
  },
  {
    "image_id": 19,
    "test": "7961 3781 5839 4437 290 69 69 3029 6506 0",
    "refs": [
      "7961 1714 2569 702 7961 309 9157 1278 290 3747 69 0",
      "3029 5001 9487 4437 69 1638 4259 579 702 7961 309 9157 0",
      "7961 8592 5839 3630 1419 702 7961 4371 6460 2597 7146 4221 5481 3372 0",
      "7961 5001 9054 5741 1419 702 7961 9157 3636 3029 3472 4437 7961 8588 0",
      "7961 5001 5839 290 69 1419 702 7961 309 9157 0"
    ]
  },
  {
    "image_id": 20,
    "test": "3029 3193 3630 9343 7961 7888 5004 3029 2401 0",
    "refs": [
      "7961 8128 532 7961 5396 702 6506 4437 7961 6112 4437 6520 0",
      "7961 2571 1318 553 4437 7961 7888 3636 6520 0",
      "2571 3636 4629 9423 1318 7961 309 983 0",
      "2571 7852 553 7961 7888 8611 4437 6520 2744 7961 7928 0",
      "7961 2571 3636 6375 5377 1318 7961 7888 3636 3029 6520 0"
    ]
  },
  {
    "image_id": 21,
    "test": "3029 9032 166 1638 983 3029 5377 702 3684 0",
    "refs": [
      "7961 8128 532 7961 5396 702 6506 4437 7961 6112 4437 6520 0",
      "7961 2571 1318 553 4437 7961 7888 3636 6520 0",
      "2571 3636 4629 9423 1318 7961 309 983 0",
      "2571 7852 553 7961 7888 8611 4437 6520 2744 7961 7928 0",
      "7961 2571 3636 6375 5377 1318 7961 7888 3636 3029 6520 0"
    ]
  },
  {
    "image_id": 22,
    "test": "7961 8128 3630 6302 5377 702 7961 3086 9196 5241 3636 3029 6520 0",
    "refs": [
      "7961 8128 532 7961 5396 702 6506 4437 7961 6112 4437 6520 0",
      "7961 2571 1318 553 4437 7961 7888 3636 6520 0",
      "2571 3636 4629 9423 1318 7961 309 983 0",
      "2571 7852 553 7961 7888 8611 4437 6520 2744 7961 7928 0",
      "7961 2571 3636 6375 5377 1318 7961 7888 3636 3029 6520 0"
    ]
  },
  {
    "image_id": 23,
    "test": "7961 5081 702 7961 6520 5396 3630 7569 7961 5004 702 3029 3024 4437 7961 7774",
    "refs": [
      "7961 8128 532 7961 5396 702 6506 4437 7961 6112 4437 6520 0",
      "7961 2571 1318 553 4437 7961 7888 3636 6520 0",
      "2571 3636 4629 9423 1318 7961 309 983 0",
      "2571 7852 553 7961 7888 8611 4437 6520 2744 7961 7928 0",
      "7961 2571 3636 6375 5377 1318 7961 7888 3636 3029 6520 0"
    ]
  },
  {
    "image_id": 24,
    "test": "3029 702 7961 3086 290 5154 3636 3029 2936 4936 6520 0",
    "refs": [
      "7961 8128 532 7961 5396 702 6506 4437 7961 6112 4437 6520 0",
      "7961 2571 1318 553 4437 7961 7888 3636 6520 0",
      "2571 3636 4629 9423 1318 7961 309 983 0",
      "2571 7852 553 7961 7888 8611 4437 6520 2744 7961 7928 0",
      "7961 2571 3636 6375 5377 1318 7961 7888 3636 3029 6520 0"
    ]
  },
  {
    "image_id": 25,
    "test": "7961 4024 5533 1419 702 6506 1624 7492 7961 1624 7888 0",
    "refs": [
      "7961 5081 532 7961 1624 9135 702 9053 0",
      "9135 5081 702 8 2531 8947 7961 1624 0",
      "7961 1624 7129 3630 7569 7961 5004 702 7961 1714 1624 0",
      "7961 8195 1250 3630 702 7961 8 7380 7162 0",
      "7961 5081 3630 2792 702 7961 2039 1624 0"
    ]
  },
  {
    "image_id": 26,
    "test": "7961 7161 1280 2784 7360 702 6506 4437 7961 1624 0",
    "refs": [
      "7961 5081 532 7961 1624 9135 702 9053 0",
      "9135 5081 702 8 2531 8947 7961 1624 0",
      "7961 1624 7129 3630 7569 7961 5004 702 7961 1714 1624 0",
      "7961 8195 1250 3630 702 7961 8 7380 7162 0",
      "7961 5081 3630 2792 702 7961 2039 1624 0"
    ]
  },
  {
    "image_id": 27,
    "test": "7961 5081 6108 5117 7961 4144 290 9267 1624 0",
    "refs": [
      "7961 5081 532 7961 1624 9135 702 9053 0",
      "9135 5081 702 8 2531 8947 7961 1624 0",
      "7961 1624 7129 3630 7569 7961 5004 702 7961 1714 1624 0",
      "7961 8195 1250 3630 702 7961 8 7380 7162 0",
      "7961 5081 3630 2792 702 7961 2039 1624 0"
    ]
  },
  {
    "image_id": 28,
    "test": "7961 4935 2359 943 6806 290 4701 6012 4957 702 0",
    "refs": [
      "7961 5081 532 7961 1624 9135 702 9053 0",
      "9135 5081 702 8 2531 8947 7961 1624 0",
      "7961 1624 7129 3630 7569 7961 5004 702 7961 1714 1624 0",
      "7961 8195 1250 3630 702 7961 8 7380 7162 0",
      "7961 5081 3630 2792 702 7961 2039 1624 0"
    ]
  },
  {
    "image_id": 29,
    "test": "7961 5081 1419 702 7961 4117 290 6949 6806 702 3029 2370 9196 3029 4701 3987",
    "refs": [
      "7961 5081 532 7961 1624 9135 702 9053 0",
      "9135 5081 702 8 2531 8947 7961 1624 0",
      "7961 1624 7129 3630 7569 7961 5004 702 7961 1714 1624 0",
      "7961 8195 1250 3630 702 7961 8 7380 7162 0",
      "7961 5081 3630 2792 702 7961 2039 1624 0"
    ]
  },
  {
    "image_id": 30,
    "test": "7961 634 634 993 442 7961 634 903 0",
    "refs": [
      "3029 8500 5752 3630 8443 2744 8250 9196 8752 0",
      "7961 6928 3024 3223 1463 7961 8246 4905 0",
      "7961 9084 634 3630 1459 7843 8035 863 0",
      "7961 3750 9084 4131 3630 3545 1463 3029 903 0",
      "7961 634 7857 3630 702 7961 8512 480 4993 8035 4045 0"
    ]
  },
  {
    "image_id": 31,
    "test": "3029 8128 3630 7543 3029 2286 634 702 3029 863 0",
    "refs": [
      "3029 8500 5752 3630 8443 2744 8250 9196 8752 0",
      "7961 6928 3024 3223 1463 7961 8246 4905 0",
      "7961 9084 634 3630 1459 7843 8035 863 0",
      "7961 3750 9084 4131 3630 3545 1463 3029 903 0",
      "7961 634 7857 3630 702 7961 8512 480 4993 8035 4045 0"
    ]
  },
  {
    "image_id": 32,
    "test": "7961 4465 702 7961 274 8095 2599 2599 7961 634 9016 0",
    "refs": [
      "3029 8500 5752 3630 8443 2744 8250 9196 8752 0",
      "7961 6928 3024 3223 1463 7961 8246 4905 0",
      "7961 9084 634 3630 1459 7843 8035 863 0",
      "7961 3750 9084 4131 3630 3545 1463 3029 903 0",
      "7961 634 7857 3630 702 7961 8512 480 4993 8035 4045 0"
    ]
  },
  {
    "image_id": 33,
    "test": "515 1714 634 903 290 79 4437 2565 0",
    "refs": [
      "3029 8500 5752 3630 8443 2744 8250 9196 8752 0",
      "7961 6928 3024 3223 1463 7961 8246 4905 0",
      "7961 9084 634 3630 1459 7843 8035 863 0",
      "7961 3750 9084 4131 3630 3545 1463 3029 903 0",
      "7961 634 7857 3630 702 7961 8512 480 4993 8035 4045 0"
    ]
  },
  {
    "image_id": 34,
    "test": "7961 5001 634 702 3029 2697 903 5483 9196 3029 4905 0",
    "refs": [
      "3029 8500 5752 3630 8443 2744 8250 9196 8752 0",
      "7961 6928 3024 3223 1463 7961 8246 4905 0",
      "7961 9084 634 3630 1459 7843 8035 863 0",
      "7961 3750 9084 4131 3630 3545 1463 3029 903 0",
      "7961 634 7857 3630 702 7961 8512 480 4993 8035 4045 0"
    ]
  },
  {
    "image_id": 35,
    "test": "7961 8128 3630 7843 702 7961 3101 3101 290 7961 7333 0",
    "refs": [
      "7961 8128 7786 7961 1257 7333 702 6506 4437 7961 1257 3101 0",
      "7961 1281 7857 3630 6196 1257 9196 7786 7961 7333 3636 9267 700 0",
      "7961 8128 5793 7961 1257 7333 2599 7961 2889 702 7961 3101 0",
      "7961 8128 3636 7961 1552 553 4476 2102 6435 4993 9268 7961 1257 2889 0",
      "7961 8128 3630 2694 4993 9268 7961 2889 3636 7961 1257 3101 0"
    ]
  },
  {
    "image_id": 36,
    "test": "7961 5675 8128 6472 7961 1257 7333 702 7961 3101 0",
    "refs": [
      "7961 8128 7786 7961 1257 7333 702 6506 4437 7961 1257 3101 0",
      "7961 1281 7857 3630 6196 1257 9196 7786 7961 7333 3636 9267 700 0",
      "7961 8128 5793 7961 1257 7333 2599 7961 2889 702 7961 3101 0",
      "7961 8128 3636 7961 1552 553 4476 2102 6435 4993 9268 7961 1257 2889 0",
      "7961 8128 3630 2694 4993 9268 7961 2889 3636 7961 1257 3101 0"
    ]
  },
  {
    "image_id": 37,
    "test": "2173 5134 8128 9471 5671 4993 1257 7961 1257 2889 702 9267 1257 3101 0",
    "refs": [
      "7961 8128 7786 7961 1257 7333 702 6506 4437 7961 1257 3101 0",
      "7961 1281 7857 3630 6196 1257 9196 7786 7961 7333 3636 9267 700 0",
      "7961 8128 5793 7961 1257 7333 2599 7961 2889 702 7961 3101 0",
      "7961 8128 3636 7961 1552 553 4476 2102 6435 4993 9268 7961 1257 2889 0",
      "7961 8128 3630 2694 4993 9268 7961 2889 3636 7961 1257 3101 0"
    ]
  },
  {
    "image_id": 38,
    "test": "7961 8128 3630 7786 7961 1257 290 7961 382 702 9267 7253 0",
    "refs": [
      "7961 8128 7786 7961 1257 7333 702 6506 4437 7961 1257 3101 0",
      "7961 1281 7857 3630 6196 1257 9196 7786 7961 7333 3636 9267 700 0",
      "7961 8128 5793 7961 1257 7333 2599 7961 2889 702 7961 3101 0",
      "7961 8128 3636 7961 1552 553 4476 2102 6435 4993 9268 7961 1257 2889 0",
      "7961 8128 3630 2694 4993 9268 7961 2889 3636 7961 1257 3101 0"
    ]
  },
  {
    "image_id": 39,
    "test": "7961 8128 5415 5154 9267 3029 702 7961 3853 8621 0",
    "refs": [
      "7961 8128 7786 7961 1257 7333 702 6506 4437 7961 1257 3101 0",
      "7961 1281 7857 3630 6196 1257 9196 7786 7961 7333 3636 9267 700 0",
      "7961 8128 5793 7961 1257 7333 2599 7961 2889 702 7961 3101 0",
      "7961 8128 3636 7961 1552 553 4476 2102 6435 4993 9268 7961 1257 2889 0",
      "7961 8128 3630 2694 4993 9268 7961 2889 3636 7961 1257 3101 0"
    ]
  },
  {
    "image_id": 40,
    "test": "7961 6370 5875 290 6442 9196 1864 2744 6533 0",
    "refs": [
      "6178 2286 2348 4437 3278 4266 7619 9196 6491 0",
      "7961 429 4437 2348 4437 3278 702 7961 9157 0",
      "7961 919 5117 4437 7961 7383 4437 3278 290 7619 0",
      "7961 2286 7383 1278 290 8412 480 4993 644 7383 4437 8412 0",
      "2348 4437 71 9196 6442 8133 702 3029 9157 0"
    ]
  },
  {
    "image_id": 41,
    "test": "1006 7383 6491 1795 3463 1189 9196 1189 3463 9196 4701 5294 0",
    "refs": [
      "6178 2286 2348 4437 3278 4266 7619 9196 6491 0",
      "7961 429 4437 2348 4437 3278 702 7961 9157 0",
      "7961 919 5117 4437 7961 7383 4437 3278 290 7619 0",
      "7961 2286 7383 1278 290 8412 480 4993 644 7383 4437 8412 0",
      "2348 4437 71 9196 6442 8133 702 3029 9157 0"
    ]
  },
  {
    "image_id": 42,
    "test": "7961 1845 1824 4437 89 5690 2597 9487 3636 3029 3079 4993 2740 2281 0",
    "refs": [
      "6178 2286 2348 4437 3278 4266 7619 9196 6491 0",
      "7961 429 4437 2348 4437 3278 702 7961 9157 0",
      "7961 919 5117 4437 7961 7383 4437 3278 290 7619 0",
      "7961 2286 7383 1278 290 8412 480 4993 644 7383 4437 8412 0",
      "2348 4437 71 9196 6442 8133 702 3029 9157 0"
    ]
  },
  {
    "image_id": 43,
    "test": "7961 5875 4437 3278 7664 4437 6135 7619 3463 9196 7961 309 5690 0",
    "refs": [
      "6178 2286 2348 4437 3278 4266 7619 9196 6491 0",
      "7961 429 4437 2348 4437 3278 702 7961 9157 0",
      "7961 919 5117 4437 7961 7383 4437 3278 290 7619 0",
      "7961 2286 7383 1278 290 8412 480 4993 644 7383 4437 8412 0",
      "2348 4437 71 9196 6442 8133 702 3029 9157 0"
    ]
  },
  {
    "image_id": 44,
    "test": "7961 7383 4437 9029 9196 3636 8108 4437 7961 880 702 2869 2699 0",
    "refs": [
      "6178 2286 2348 4437 3278 4266 7619 9196 6491 0",
      "7961 429 4437 2348 4437 3278 702 7961 9157 0",
      "7961 919 5117 4437 7961 7383 4437 3278 290 7619 0",
      "7961 2286 7383 1278 290 8412 480 4993 644 7383 4437 8412 0",
      "2348 4437 71 9196 6442 8133 702 3029 9157 0"
    ]
  },
  {
    "image_id": 45,
    "test": "8325 2423 702 7961 5309 5001 8777 7852 7852 0",
    "refs": [
      "2597 2585 4437 7961 8128 702 3029 5309 7538 7961 8777 0",
      "7961 8128 7612 7184 7961 2631 394 3291 0",
      "2423 702 7961 9084 6718 5309 219 5081 6219 8313 0",
      "7961 5081 6219 8313 553 3029 2028 4437 3029 5309 0",
      "7961 115 4437 2423 2792 702 7961 5309 7852 8656 0"
    ]
  },
  {
    "image_id": 46,
    "test": "4936 8656 8133 269 6855 3636 3029 5309 2744 7961 5658 0",
    "refs": [
      "2597 2585 4437 7961 8128 702 3029 5309 7538 7961 8777 0",
      "7961 8128 7612 7184 7961 2631 394 3291 0",
      "2423 702 7961 9084 6718 5309 219 5081 6219 8313 0",
      "7961 5081 6219 8313 553 3029 2028 4437 3029 5309 0",
      "7961 115 4437 2423 2792 702 7961 5309 7852 8656 0"
    ]
  },
  {
    "image_id": 47,
    "test": "3029 2423 8133 8777 8777 702 3029 5309 3636 3029 6718 0",
    "refs": [
      "2597 2585 4437 7961 8128 702 3029 5309 7538 7961 8777 0",
      "7961 8128 7612 7184 7961 2631 394 3291 0",
      "2423 702 7961 9084 6718 5309 219 5081 6219 8313 0",
      "7961 5081 6219 8313 553 3029 2028 4437 3029 5309 0",
      "7961 115 4437 2423 2792 702 7961 5309 7852 8656 0"
    ]
  },
  {
    "image_id": 48,
    "test": "7961 5081 3630 8656 7852 702 7961 5309 0",
    "refs": [
      "2597 2585 4437 7961 8128 702 3029 5309 7538 7961 8777 0",
      "7961 8128 7612 7184 7961 2631 394 3291 0",
      "2423 702 7961 9084 6718 5309 219 5081 6219 8313 0",
      "7961 5081 6219 8313 553 3029 2028 4437 3029 5309 0",
      "7961 115 4437 2423 2792 702 7961 5309 7852 8656 0"
    ]
  },
  {
    "image_id": 49,
    "test": "8174 4437 2423 6733 702 7961 5309 7852 8035 8656 9196 3029 2332 2765 6460 3029",
    "refs": [
      "2597 2585 4437 7961 8128 702 3029 5309 7538 7961 8777 0",
      "7961 8128 7612 7184 7961 2631 394 3291 0",
      "2423 702 7961 9084 6718 5309 219 5081 6219 8313 0",
      "7961 5081 6219 8313 553 3029 2028 4437 3029 5309 0",
      "7961 115 4437 2423 2792 702 7961 5309 7852 8656 0"
    ]
  },
  {
    "image_id": 50,
    "test": "7961 8174 4437 2423 2530 7843 7961 4163 0",
    "refs": [
      "1125 1419 702 7961 1566 2598 7961 4465 8306 4993 6978 702 2744 0",
      "7961 8174 4437 5134 1125 8133 6196 9032 702 3029 4905 4163 0",
      "6178 1125 6196 8979 290 7961 9032 702 3029 4163 0",
      "2423 702 7961 4163 8035 6196 8979 8012 8707 6529 0",
      "2423 290 9032 3324 702 3029 4163 9196 7801 0"
    ]
  },
  {
    "image_id": 51,
    "test": "7961 8174 4437 2423 2530 7843 7961 4163 0",
    "refs": [
      "1125 1419 702 7961 1566 2598 7961 4465 8306 4993 6978 702 2744 0",
      "7961 8174 4437 5134 1125 8133 6196 9032 702 3029 4905 4163 0",
      "6178 1125 6196 8979 290 7961 9032 702 3029 4163 0",
      "2423 702 7961 4163 8035 6196 8979 8012 8707 6529 0",
      "2423 290 9032 3324 702 3029 4163 9196 7801 0"
    ]
  },
  {
    "image_id": 52,
    "test": "7961 8174 4437 2423 2530 7843 7961 4163 0",
    "refs": [
      "1125 1419 702 7961 1566 2598 7961 4465 8306 4993 6978 702 2744 0",
      "7961 8174 4437 5134 1125 8133 6196 9032 702 3029 4905 4163 0",
      "6178 1125 6196 8979 290 7961 9032 702 3029 4163 0",
      "2423 702 7961 4163 8035 6196 8979 8012 8707 6529 0",
      "2423 290 9032 3324 702 3029 4163 9196 7801 0"
    ]
  },
  {
    "image_id": 53,
    "test": "7961 8174 4437 2423 702 7961 4163 6082 0",
    "refs": [
      "1125 1419 702 7961 1566 2598 7961 4465 8306 4993 6978 702 2744 0",
      "7961 8174 4437 5134 1125 8133 6196 9032 702 3029 4905 4163 0",
      "6178 1125 6196 8979 290 7961 9032 702 3029 4163 0",
      "2423 702 7961 4163 8035 6196 8979 8012 8707 6529 0",
      "2423 290 9032 3324 702 3029 4163 9196 7801 0"
    ]
  },
  {
    "image_id": 54,
    "test": "7961 8174 4437 2423 8133 5752 3029 4163 0",
    "refs": [
      "1125 1419 702 7961 1566 2598 7961 4465 8306 4993 6978 702 2744 0",
      "7961 8174 4437 5134 1125 8133 6196 9032 702 3029 4905 4163 0",
      "6178 1125 6196 8979 290 7961 9032 702 3029 4163 0",
      "2423 702 7961 4163 8035 6196 8979 8012 8707 6529 0",
      "2423 290 9032 3324 702 3029 4163 9196 7801 0"
    ]
  },
  {
    "image_id": 55,
    "test": "7961 5458 7360 702 7961 6081 480 4993 7961 6081 0",
    "refs": [
      "1975 3630 7961 309 4497 1419 702 7961 1280 0",
      "7961 3781 7791 9196 9084 5458 9196 219 6081 0",
      "7961 6049 4497 6196 702 7961 4506 6016 0",
      "7961 5458 6822 702 7961 4506 5396 2936 7961 6081 0",
      "7961 309 5458 7360 480 4993 7961 3781 6081 0"
    ]
  },
  {
    "image_id": 56,
    "test": "7961 5458 3630 7360 702 3029 7162 480 4993 7961 6081 0",
    "refs": [
      "1975 3630 7961 309 4497 1419 702 7961 1280 0",
      "7961 3781 7791 9196 9084 5458 9196 219 6081 0",
      "7961 6049 4497 6196 702 7961 4506 6016 0",
      "7961 5458 6822 702 7961 4506 5396 2936 7961 6081 0",
      "7961 309 5458 7360 480 4993 7961 3781 6081 0"
    ]
  },
  {
    "image_id": 57,
    "test": "7961 5458 7360 702 7961 6081 480 4993 7961 6081 0",
    "refs": [
      "1975 3630 7961 309 4497 1419 702 7961 1280 0",
      "7961 3781 7791 9196 9084 5458 9196 219 6081 0",
      "7961 6049 4497 6196 702 7961 4506 6016 0",
      "7961 5458 6822 702 7961 4506 5396 2936 7961 6081 0",
      "7961 309 5458 7360 480 4993 7961 3781 6081 0"
    ]
  },
  {
    "image_id": 58,
    "test": "7961 3781 9196 9084 5458 7360 702 7961 6081 0",
    "refs": [
      "1975 3630 7961 309 4497 1419 702 7961 1280 0",
      "7961 3781 7791 9196 9084 5458 9196 219 6081 0",
      "7961 6049 4497 6196 702 7961 4506 6016 0",
      "7961 5458 6822 702 7961 4506 5396 2936 7961 6081 0",
      "7961 309 5458 7360 480 4993 7961 3781 6081 0"
    ]
  },
  {
    "image_id": 59,
    "test": "7961 5458 7360 702 7961 3659 4437 1302 0",
    "refs": [
      "1975 3630 7961 309 4497 1419 702 7961 1280 0",
      "7961 3781 7791 9196 9084 5458 9196 219 6081 0",
      "7961 6049 4497 6196 702 7961 4506 6016 0",
      "7961 5458 6822 702 7961 4506 5396 2936 7961 6081 0",
      "7961 309 5458 7360 480 4993 7961 3781 6081 0"
    ]
  },
  {
    "image_id": 60,
    "test": "7961 7563 7563 702 1098 3636 7961 8219 0",
    "refs": [
      "7961 2966 7563 3471 480 4993 7961 8128 2792 3636 8108 4437 7961 5456 0",
      "9442 2966 8260 7563 290 2286 5104 8442 0",
      "2597 3045 7563 702 1098 2599 7961 9354 4366 0",
      "7961 2966 7563 290 7961 2286 8442 2599 7961 9487 0",
      "2597 3045 7563 6822 702 1098 3636 8583 2606 0"
    ]
  },
  {
    "image_id": 61,
    "test": "7961 7563 7563 702 1098 2599 7961 8219 0",
    "refs": [
      "7961 2966 7563 3471 480 4993 7961 8128 2792 3636 8108 4437 7961 5456 0",
      "9442 2966 8260 7563 290 2286 5104 8442 0",
      "2597 3045 7563 702 1098 2599 7961 9354 4366 0",
      "7961 2966 7563 290 7961 2286 8442 2599 7961 9487 0",
      "2597 3045 7563 6822 702 1098 3636 8583 2606 0"
    ]
  },
  {
    "image_id": 62,
    "test": "7961 7563 7563 702 1098 3636 7961 1137 0",
    "refs": [
      "7961 2966 7563 3471 480 4993 7961 8128 2792 3636 8108 4437 7961 5456 0",
      "9442 2966 8260 7563 290 2286 5104 8442 0",
      "2597 3045 7563 702 1098 2599 7961 9354 4366 0",
      "7961 2966 7563 290 7961 2286 8442 2599 7961 9487 0",
      "2597 3045 7563 6822 702 1098 3636 8583 2606 0"
    ]
  },
  {
    "image_id": 63,
    "test": "7961 7563 7563 702 1098 3636 7961 1137 0",
    "refs": [
      "7961 2966 7563 3471 480 4993 7961 8128 2792 3636 8108 4437 7961 5456 0",
      "9442 2966 8260 7563 290 2286 5104 8442 0",
      "2597 3045 7563 702 1098 2599 7961 9354 4366 0",
      "7961 2966 7563 290 7961 2286 8442 2599 7961 9487 0",
      "2597 3045 7563 6822 702 1098 3636 8583 2606 0"
    ]
  },
  {
    "image_id": 64,
    "test": "7961 7563 7563 702 1098 3636 7961 8219 0",
    "refs": [
      "7961 2966 7563 3471 480 4993 7961 8128 2792 3636 8108 4437 7961 5456 0",
      "9442 2966 8260 7563 290 2286 5104 8442 0",
      "2597 3045 7563 702 1098 2599 7961 9354 4366 0",
      "7961 2966 7563 290 7961 2286 8442 2599 7961 9487 0",
      "2597 3045 7563 6822 702 1098 3636 8583 2606 0"
    ]
  },
  {
    "image_id": 65,
    "test": "7961 5839 290 69 702 7961 9157 3636 7961 1137 0",
    "refs": [
      "7961 1714 2569 702 7961 309 9157 1278 290 3747 69 0",
      "3029 5001 9487 4437 69 1638 4259 579 702 7961 309 9157 0",
      "7961 8592 5839 3630 1419 702 7961 4371 6460 2597 7146 4221 5481 3372 0",
      "7961 5001 9054 5741 1419 702 7961 9157 3636 3029 3472 4437 7961 8588 0",
      "7961 5001 5839 290 69 1419 702 7961 309 9157 0"
    ]
  },
  {
    "image_id": 66,
    "test": "7961 3781 5839 290 69 702 7961 9157 0",
    "refs": [
      "7961 1714 2569 702 7961 309 9157 1278 290 3747 69 0",
      "3029 5001 9487 4437 69 1638 4259 579 702 7961 309 9157 0",
      "7961 8592 5839 3630 1419 702 7961 4371 6460 2597 7146 4221 5481 3372 0",
      "7961 5001 9054 5741 1419 702 7961 9157 3636 3029 3472 4437 7961 8588 0",
      "7961 5001 5839 290 69 1419 702 7961 309 9157 0"
    ]
  },
  {
    "image_id": 67,
    "test": "7961 5839 290 69 702 7961 9157 290 7961 8592 2569 0",
    "refs": [
      "7961 1714 2569 702 7961 309 9157 1278 290 3747 69 0",
      "3029 5001 9487 4437 69 1638 4259 579 702 7961 309 9157 0",
      "7961 8592 5839 3630 1419 702 7961 4371 6460 2597 7146 4221 5481 3372 0",
      "7961 5001 9054 5741 1419 702 7961 9157 3636 3029 3472 4437 7961 8588 0",
      "7961 5001 5839 290 69 1419 702 7961 309 9157 0"
    ]
  },
  {
    "image_id": 68,
    "test": "7961 8592 5839 290 7961 4062 8592 702 3632 0",
    "refs": [
      "7961 1714 2569 702 7961 309 9157 1278 290 3747 69 0",
      "3029 5001 9487 4437 69 1638 4259 579 702 7961 309 9157 0",
      "7961 8592 5839 3630 1419 702 7961 4371 6460 2597 7146 4221 5481 3372 0",
      "7961 5001 9054 5741 1419 702 7961 9157 3636 3029 3472 4437 7961 8588 0",
      "7961 5001 5839 290 69 1419 702 7961 309 9157 0"
    ]
  },
  {
    "image_id": 69,
    "test": "7961 5839 290 69 702 7961 9157 290 7961 8592 2569 0",
    "refs": [
      "7961 1714 2569 702 7961 309 9157 1278 290 3747 69 0",
      "3029 5001 9487 4437 69 1638 4259 579 702 7961 309 9157 0",
      "7961 8592 5839 3630 1419 702 7961 4371 6460 2597 7146 4221 5481 3372 0",
      "7961 5001 9054 5741 1419 702 7961 9157 3636 3029 3472 4437 7961 8588 0",
      "7961 5001 5839 290 69 1419 702 7961 309 9157 0"
    ]
  },
  {
    "image_id": 70,
    "test": "7961 8128 532 7961 3086 7843 7961 6520 9378 9100 0",
    "refs": [
      "7961 8128 532 7961 5396 702 6506 4437 7961 6112 4437 6520 0",
      "7961 2571 1318 553 4437 7961 7888 3636 6520 0",
      "2571 3636 4629 9423 1318 7961 309 983 0",
      "2571 7852 553 7961 7888 8611 4437 6520 2744 7961 7928 0",
      "7961 2571 3636 6375 5377 1318 7961 7888 3636 3029 6520 0"
    ]
  },
  {
    "image_id": 71,
    "test": "7961 8128 532 7961 3086 7843 7961 6520 9378 9100 0",
    "refs": [
      "7961 8128 532 7961 5396 702 6506 4437 7961 6112 4437 6520 0",
      "7961 2571 1318 553 4437 7961 7888 3636 6520 0",
      "2571 3636 4629 9423 1318 7961 309 983 0",
      "2571 7852 553 7961 7888 8611 4437 6520 2744 7961 7928 0",
      "7961 2571 3636 6375 5377 1318 7961 7888 3636 3029 6520 0"
    ]
  },
  {
    "image_id": 72,
    "test": "7961 8128 532 7961 3086 7843 7961 6520 9378 9100 0",
    "refs": [
      "7961 8128 532 7961 5396 702 6506 4437 7961 6112 4437 6520 0",
      "7961 2571 1318 553 4437 7961 7888 3636 6520 0",
      "2571 3636 4629 9423 1318 7961 309 983 0",
      "2571 7852 553 7961 7888 8611 4437 6520 2744 7961 7928 0",
      "7961 2571 3636 6375 5377 1318 7961 7888 3636 3029 6520 0"
    ]
  },
  {
    "image_id": 73,
    "test": "7961 8128 532 7961 3086 7843 7961 6520 9378 9100 0",
    "refs": [
      "7961 8128 532 7961 5396 702 6506 4437 7961 6112 4437 6520 0",
      "7961 2571 1318 553 4437 7961 7888 3636 6520 0",
      "2571 3636 4629 9423 1318 7961 309 983 0",
      "2571 7852 553 7961 7888 8611 4437 6520 2744 7961 7928 0",
      "7961 2571 3636 6375 5377 1318 7961 7888 3636 3029 6520 0"
    ]
  },
  {
    "image_id": 74,
    "test": "7961 8128 532 7961 3086 7843 7961 6520 9378 9100 0",
    "refs": [
      "7961 8128 532 7961 5396 702 6506 4437 7961 6112 4437 6520 0",
      "7961 2571 1318 553 4437 7961 7888 3636 6520 0",
      "2571 3636 4629 9423 1318 7961 309 983 0",
      "2571 7852 553 7961 7888 8611 4437 6520 2744 7961 7928 0",
      "7961 2571 3636 6375 5377 1318 7961 7888 3636 3029 6520 0"
    ]
  },
  {
    "image_id": 75,
    "test": "7961 5081 702 7961 1624 290 7961 1624 3636 3029 8348 0",
    "refs": [
      "7961 5081 532 7961 1624 9135 702 9053 0",
      "9135 5081 702 8 2531 8947 7961 1624 0",
      "7961 1624 7129 3630 7569 7961 5004 702 7961 1714 1624 0",
      "7961 8195 1250 3630 702 7961 8 7380 7162 0",
      "7961 5081 3630 2792 702 7961 2039 1624 0"
    ]
  },
  {
    "image_id": 76,
    "test": "7961 5081 3630 1419 702 7961 1624 702 7961 4117 0",
    "refs": [
      "7961 5081 532 7961 1624 9135 702 9053 0",
      "9135 5081 702 8 2531 8947 7961 1624 0",
      "7961 1624 7129 3630 7569 7961 5004 702 7961 1714 1624 0",
      "7961 8195 1250 3630 702 7961 8 7380 7162 0",
      "7961 5081 3630 2792 702 7961 2039 1624 0"
    ]
  },
  {
    "image_id": 77,
    "test": "7961 1624 3630 1419 702 7961 4117 290 7961 1624 0",
    "refs": [
      "7961 5081 532 7961 1624 9135 702 9053 0",
      "9135 5081 702 8 2531 8947 7961 1624 0",
      "7961 1624 7129 3630 7569 7961 5004 702 7961 1714 1624 0",
      "7961 8195 1250 3630 702 7961 8 7380 7162 0",
      "7961 5081 3630 2792 702 7961 2039 1624 0"
    ]
  },
  {
    "image_id": 78,
    "test": "7961 5081 3630 702 7961 1624 702 7961 7801 0",
    "refs": [
      "7961 5081 532 7961 1624 9135 702 9053 0",
      "9135 5081 702 8 2531 8947 7961 1624 0",
      "7961 1624 7129 3630 7569 7961 5004 702 7961 1714 1624 0",
      "7961 8195 1250 3630 702 7961 8 7380 7162 0",
      "7961 5081 3630 2792 702 7961 2039 1624 0"
    ]
  },
  {
    "image_id": 79,
    "test": "7961 5081 702 7961 1624 3630 702 7961 8 4117 0",
    "refs": [
      "7961 5081 532 7961 1624 9135 702 9053 0",
      "9135 5081 702 8 2531 8947 7961 1624 0",
      "7961 1624 7129 3630 7569 7961 5004 702 7961 1714 1624 0",
      "7961 8195 1250 3630 702 7961 8 7380 7162 0",
      "7961 5081 3630 2792 702 7961 2039 1624 0"
    ]
  },
  {
    "image_id": 80,
    "test": "7961 634 702 7961 8452 2936 7961 1891 0",
    "refs": [
      "3029 8500 5752 3630 8443 2744 8250 9196 8752 0",
      "7961 6928 3024 3223 1463 7961 8246 4905 0",
      "7961 9084 634 3630 1459 7843 8035 863 0",
      "7961 3750 9084 4131 3630 3545 1463 3029 903 0",
      "7961 634 7857 3630 702 7961 8512 480 4993 8035 4045 0"
    ]
  },
  {
    "image_id": 81,
    "test": "7961 634 702 7961 8452 2936 7961 1891 0",
    "refs": [
      "3029 8500 5752 3630 8443 2744 8250 9196 8752 0",
      "7961 6928 3024 3223 1463 7961 8246 4905 0",
      "7961 9084 634 3630 1459 7843 8035 863 0",
      "7961 3750 9084 4131 3630 3545 1463 3029 903 0",
      "7961 634 7857 3630 702 7961 8512 480 4993 8035 4045 0"
    ]
  },
  {
    "image_id": 82,
    "test": "7961 634 702 7961 8452 290 7961 4905 3636 3029 8348 0",
    "refs": [
      "3029 8500 5752 3630 8443 2744 8250 9196 8752 0",
      "7961 6928 3024 3223 1463 7961 8246 4905 0",
      "7961 9084 634 3630 1459 7843 8035 863 0",
      "7961 3750 9084 4131 3630 3545 1463 3029 903 0",
      "7961 634 7857 3630 702 7961 8512 480 4993 8035 4045 0"
    ]
  },
  {
    "image_id": 83,
    "test": "7961 634 3630 702 3029 863 2599 7961 903 0",
    "refs": [
      "3029 8500 5752 3630 8443 2744 8250 9196 8752 0",
      "7961 6928 3024 3223 1463 7961 8246 4905 0",
      "7961 9084 634 3630 1459 7843 8035 863 0",
      "7961 3750 9084 4131 3630 3545 1463 3029 903 0",
      "7961 634 7857 3630 702 7961 8512 480 4993 8035 4045 0"
    ]
  },
  {
    "image_id": 84,
    "test": "7961 634 3630 702 3029 863 3636 7961 4905 0",
    "refs": [
      "3029 8500 5752 3630 8443 2744 8250 9196 8752 0",
      "7961 6928 3024 3223 1463 7961 8246 4905 0",
      "7961 9084 634 3630 1459 7843 8035 863 0",
      "7961 3750 9084 4131 3630 3545 1463 3029 903 0",
      "7961 634 7857 3630 702 7961 8512 480 4993 8035 4045 0"
    ]
  },
  {
    "image_id": 85,
    "test": "7961 8128 7786 7961 1257 7333 702 7961 1257 3101 0",
    "refs": [
      "7961 8128 7786 7961 1257 7333 702 6506 4437 7961 1257 3101 0",
      "7961 1281 7857 3630 6196 1257 9196 7786 7961 7333 3636 9267 700 0",
      "7961 8128 5793 7961 1257 7333 2599 7961 2889 702 7961 3101 0",
      "7961 8128 3636 7961 1552 553 4476 2102 6435 4993 9268 7961 1257 2889 0",
      "7961 8128 3630 2694 4993 9268 7961 2889 3636 7961 1257 3101 0"
    ]
  },
  {
    "image_id": 86,
    "test": "7961 8128 7786 7961 1257 7333 702 7961 1257 3101 0",
    "refs": [
      "7961 8128 7786 7961 1257 7333 702 6506 4437 7961 1257 3101 0",
      "7961 1281 7857 3630 6196 1257 9196 7786 7961 7333 3636 9267 700 0",
      "7961 8128 5793 7961 1257 7333 2599 7961 2889 702 7961 3101 0",
      "7961 8128 3636 7961 1552 553 4476 2102 6435 4993 9268 7961 1257 2889 0",
      "7961 8128 3630 2694 4993 9268 7961 2889 3636 7961 1257 3101 0"
    ]
  },
  {
    "image_id": 87,
    "test": "7961 8128 7786 7961 1257 7333 702 7961 1257 3101 0",
    "refs": [
      "7961 8128 7786 7961 1257 7333 702 6506 4437 7961 1257 3101 0",
      "7961 1281 7857 3630 6196 1257 9196 7786 7961 7333 3636 9267 700 0",
      "7961 8128 5793 7961 1257 7333 2599 7961 2889 702 7961 3101 0",
      "7961 8128 3636 7961 1552 553 4476 2102 6435 4993 9268 7961 1257 2889 0",
      "7961 8128 3630 2694 4993 9268 7961 2889 3636 7961 1257 3101 0"
    ]
  },
  {
    "image_id": 88,
    "test": "7961 8128 7786 7961 1257 7333 702 7961 1257 3101 0",
    "refs": [
      "7961 8128 7786 7961 1257 7333 702 6506 4437 7961 1257 3101 0",
      "7961 1281 7857 3630 6196 1257 9196 7786 7961 7333 3636 9267 700 0",
      "7961 8128 5793 7961 1257 7333 2599 7961 2889 702 7961 3101 0",
      "7961 8128 3636 7961 1552 553 4476 2102 6435 4993 9268 7961 1257 2889 0",
      "7961 8128 3630 2694 4993 9268 7961 2889 3636 7961 1257 3101 0"
    ]
  },
  {
    "image_id": 89,
    "test": "7961 8128 7786 7961 1257 7333 702 7961 1257 3101 0",
    "refs": [
      "7961 8128 7786 7961 1257 7333 702 6506 4437 7961 1257 3101 0",
      "7961 1281 7857 3630 6196 1257 9196 7786 7961 7333 3636 9267 700 0",
      "7961 8128 5793 7961 1257 7333 2599 7961 2889 702 7961 3101 0",
      "7961 8128 3636 7961 1552 553 4476 2102 6435 4993 9268 7961 1257 2889 0",
      "7961 8128 3630 2694 4993 9268 7961 2889 3636 7961 1257 3101 0"
    ]
  },
  {
    "image_id": 90,
    "test": "7961 7383 4437 3278 290 7961 6903 9196 7961 6903 0",
    "refs": [
      "6178 2286 2348 4437 3278 4266 7619 9196 6491 0",
      "7961 429 4437 2348 4437 3278 702 7961 9157 0",
      "7961 919 5117 4437 7961 7383 4437 3278 290 7619 0",
      "7961 2286 7383 1278 290 8412 480 4993 644 7383 4437 8412 0",
      "2348 4437 71 9196 6442 8133 702 3029 9157 0"
    ]
  },
  {
    "image_id": 91,
    "test": "7961 7383 4437 3278 290 7961 6903 9196 7961 6903 0",
    "refs": [
      "6178 2286 2348 4437 3278 4266 7619 9196 6491 0",
      "7961 429 4437 2348 4437 3278 702 7961 9157 0",
      "7961 919 5117 4437 7961 7383 4437 3278 290 7619 0",
      "7961 2286 7383 1278 290 8412 480 4993 644 7383 4437 8412 0",
      "2348 4437 71 9196 6442 8133 702 3029 9157 0"
    ]
  },
  {
    "image_id": 92,
    "test": "7961 7383 4437 3278 290 7961 6903 9196 7961 7383 4437 5872",
    "refs": [
      "6178 2286 2348 4437 3278 4266 7619 9196 6491 0",
      "7961 429 4437 2348 4437 3278 702 7961 9157 0",
      "7961 919 5117 4437 7961 7383 4437 3278 290 7619 0",
      "7961 2286 7383 1278 290 8412 480 4993 644 7383 4437 8412 0",
      "2348 4437 71 9196 6442 8133 702 3029 9157 0"
    ]
  },
  {
    "image_id": 93,
    "test": "7961 7383 4437 5690 290 3463 9196 7619 0",
    "refs": [
      "6178 2286 2348 4437 3278 4266 7619 9196 6491 0",
      "7961 429 4437 2348 4437 3278 702 7961 9157 0",
      "7961 919 5117 4437 7961 7383 4437 3278 290 7619 0",
      "7961 2286 7383 1278 290 8412 480 4993 644 7383 4437 8412 0",
      "2348 4437 71 9196 6442 8133 702 3029 9157 0"
    ]
  },
  {
    "image_id": 94,
    "test": "7961 7383 4437 3278 290 7961 6903 9196 7961 6903 0",
    "refs": [
      "6178 2286 2348 4437 3278 4266 7619 9196 6491 0",
      "7961 429 4437 2348 4437 3278 702 7961 9157 0",
      "7961 919 5117 4437 7961 7383 4437 3278 290 7619 0",
      "7961 2286 7383 1278 290 8412 480 4993 644 7383 4437 8412 0",
      "2348 4437 71 9196 6442 8133 702 3029 9157 0"
    ]
  },
  {
    "image_id": 95,
    "test": "7961 8174 4437 2423 7852 8656 702 7961 5309 0",
    "refs": [
      "2597 2585 4437 7961 8128 702 3029 5309 7538 7961 8777 0",
      "7961 8128 7612 7184 7961 2631 394 3291 0",
      "2423 702 7961 9084 6718 5309 219 5081 6219 8313 0",
      "7961 5081 6219 8313 553 3029 2028 4437 3029 5309 0",
      "7961 115 4437 2423 2792 702 7961 5309 7852 8656 0"
    ]
  },
  {
    "image_id": 96,
    "test": "7961 5081 3630 7852 7961 8777 702 3029 5309 0",
    "refs": [
      "2597 2585 4437 7961 8128 702 3029 5309 7538 7961 8777 0",
      "7961 8128 7612 7184 7961 2631 394 3291 0",
      "2423 702 7961 9084 6718 5309 219 5081 6219 8313 0",
      "7961 5081 6219 8313 553 3029 2028 4437 3029 5309 0",
      "7961 115 4437 2423 2792 702 7961 5309 7852 8656 0"
    ]
  },
  {
    "image_id": 97,
    "test": "7961 8174 4437 2423 2792 702 6506 4437 7961 3445 5309 0",
    "refs": [
      "2597 2585 4437 7961 8128 702 3029 5309 7538 7961 8777 0",
      "7961 8128 7612 7184 7961 2631 394 3291 0",
      "2423 702 7961 9084 6718 5309 219 5081 6219 8313 0",
      "7961 5081 6219 8313 553 3029 2028 4437 3029 5309 0",
      "7961 115 4437 2423 2792 702 7961 5309 7852 8656 0"
    ]
  },
  {
    "image_id": 98,
    "test": "7961 5081 3630 7852 7961 8777 702 3029 5309 0",
    "refs": [
      "2597 2585 4437 7961 8128 702 3029 5309 7538 7961 8777 0",
      "7961 8128 7612 7184 7961 2631 394 3291 0",
      "2423 702 7961 9084 6718 5309 219 5081 6219 8313 0",
      "7961 5081 6219 8313 553 3029 2028 4437 3029 5309 0",
      "7961 115 4437 2423 2792 702 7961 5309 7852 8656 0"
    ]
  },
  {
    "image_id": 99,
    "test": "7961 5081 702 7961 5309 7852 7961 8777 0",
    "refs": [
      "2597 2585 4437 7961 8128 702 3029 5309 7538 7961 8777 0",
      "7961 8128 7612 7184 7961 2631 394 3291 0",
      "2423 702 7961 9084 6718 5309 219 5081 6219 8313 0",
      "7961 5081 6219 8313 553 3029 2028 4437 3029 5309 0",
      "7961 115 4437 2423 2792 702 7961 5309 7852 8656 0"
    ]
  }
]