[
  {
    "image_id": 0,
    "test": "7961 9442 9196 3455 9487 702 6506 7287 8012 3029 8128 7090 2189 0",
    "refs": [
      "7961 9442 5391 4437 9359 702 7961 6603 0",
      "6178 9359 8307 702 7961 8319 7287 0",
      "6178 9359 8133 2530 702 3029 2531 4437 7961 8319 7287 0",
      "6178 9359 8133 2530 4957 702 7961 1885 0",
      "6178 9359 2530 3029 2531 4437 7961 1885 3636 5177 0"
    ]
  },
  {
    "image_id": 1,
    "test": "1975 3630 7961 7373 9196 309 7287 2792 3636 3029 9031 0",
    "refs": [
      "7961 9442 5391 4437 9359 702 7961 6603 0",
      "6178 9359 8307 702 7961 8319 7287 0",
      "6178 9359 8133 2530 702 3029 2531 4437 7961 8319 7287 0",
      "6178 9359 8133 2530 4957 702 7961 1885 0",
      "6178 9359 2530 3029 2531 4437 7961 1885 3636 5177 0"
    ]
  },
  {
    "image_id": 2,
    "test": "8325 9359 1419 2599 7961 3750 9157 5083 7961 8081 8896 0",
    "refs": [
      "7961 9442 5391 4437 9359 702 7961 6603 0",
      "6178 9359 8307 702 7961 8319 7287 0",
      "6178 9359 8133 2530 702 3029 2531 4437 7961 8319 7287 0",
      "6178 9359 8133 2530 4957 702 7961 1885 0",
      "6178 9359 2530 3029 2531 4437 7961 1885 3636 5177 0"
    ]
  },
  {
    "image_id": 3,
    "test": "7961 2671 4437 2423 532 7961 7287 3636 7961 562 0",
    "refs": [
      "7961 9442 5391 4437 9359 702 7961 6603 0",
      "6178 9359 8307 702 7961 8319 7287 0",
      "6178 9359 8133 2530 702 3029 2531 4437 7961 8319 7287 0",
      "6178 9359 8133 2530 4957 702 7961 1885 0",
      "6178 9359 2530 3029 2531 4437 7961 1885 3636 5177 0"
    ]
  },
  {
    "image_id": 4,
    "test": "6178 2423 5481 2189 2599 7961 8777 2599 2597 3674 1866 0",
    "refs": [
      "7961 9442 5391 4437 9359 702 7961 6603 0",
      "6178 9359 8307 702 7961 8319 7287 0",
      "6178 9359 8133 2530 702 3029 2531 4437 7961 8319 7287 0",
      "6178 9359 8133 2530 4957 702 7961 1885 0",
      "6178 9359 2530 3029 2531 4437 7961 1885 3636 5177 0"
    ]
  },
  {
    "image_id": 5,
    "test": "7961 274 6928 1419 3636 8108 4437 5726 4437 274 0",
    "refs": [
      "7961 4807 274 6928 2 8912 7961 4163 0",
      "7961 8218 8089 1294 6251 4993 7322 8734 0",
      "2922 6865 4601 7961 7206 4993 7674 702 7322 8734 0",
      "2597 8059 7206 7857 110 7961 8128 180 702 7961 7322 2756 0",
      "4270 3609 8250 8133 702 7961 8407 8512 0"
    ]
  },
  {
    "image_id": 6,
    "test": "6178 4045 219 290 3029 1180 2744 702 7961 274 6928 0",
    "refs": [
      "7961 4807 274 6928 2 8912 7961 4163 0",
      "7961 8218 8089 1294 6251 4993 7322 8734 0",
      "2922 6865 4601 7961 7206 4993 7674 702 7322 8734 0",
      "2597 8059 7206 7857 110 7961 8128 180 702 7961 7322 2756 0",
      "4270 3609 8250 8133 702 7961 8407 8512 0"
    ]
  },
  {
    "image_id": 7,
    "test": "7961 3240 2599 3029 1072 4437 7961 4163 8465 3636 3029 9450 0",
    "refs": [
      "7961 4807 274 6928 2 8912 7961 4163 0",
      "7961 8218 8089 1294 6251 4993 7322 8734 0",
      "2922 6865 4601 7961 7206 4993 7674 702 7322 8734 0",
      "2597 8059 7206 7857 110 7961 8128 180 702 7961 7322 2756 0",
      "4270 3609 8250 8133 702 7961 8407 8512 0"
    ]
  },
  {
    "image_id": 8,
    "test": "4163 2671 4437 274 3609 7961 5046 6928 0",
    "refs": [
      "7961 4807 274 6928 2 8912 7961 4163 0",
      "7961 8218 8089 1294 6251 4993 7322 8734 0",
      "2922 6865 4601 7961 7206 4993 7674 702 7322 8734 0",
      "2597 8059 7206 7857 110 7961 8128 180 702 7961 7322 2756 0",
      "4270 3609 8250 8133 702 7961 8407 8512 0"
    ]
  },
  {
    "image_id": 9,
    "test": "7961 274 4859 227 702 7961 274 6928 3636 7961 290 7961 9450 8348",
    "refs": [
      "7961 4807 274 6928 2 8912 7961 4163 0",
      "7961 8218 8089 1294 6251 4993 7322 8734 0",
      "2922 6865 4601 7961 7206 4993 7674 702 7322 8734 0",
      "2597 8059 7206 7857 110 7961 8128 180 702 7961 7322 2756 0",
      "4270 3609 8250 8133 702 7961 8407 8512 0"
    ]
  },
  {
    "image_id": 10,
    "test": "7961 8128 1419 702 7961 4922 480 4993 7961 3729 0",
    "refs": [
      "7961 1707 1419 702 7961 3753 8512 480 4993 7961 2966 3853 0",
      "8128 2792 480 4993 7961 5902 7379 702 3029 4163 0",
      "7961 8128 2792 1741 7961 3240 309 4489 0",
      "7961 8128 2792 480 4993 7961 7337 7379 0",
      "3029 8128 6822 3501 7859 3029 4489 1741 8105 0"
    ]
  },
  {
    "image_id": 11,
    "test": "7961 3813 8607 7373 3592 7142 702 7961 1885 7422 7961 1714 7379 0",
    "refs": [
      "7961 1707 1419 702 7961 3753 8512 480 4993 7961 2966 3853 0",
      "8128 2792 480 4993 7961 5902 7379 702 3029 4163 0",
      "7961 8128 2792 1741 7961 3240 309 4489 0",
      "7961 8128 2792 480 4993 7961 7337 7379 0",
      "3029 8128 6822 3501 7859 3029 4489 1741 8105 0"
    ]
  },
  {
    "image_id": 12,
    "test": "7961 5081 6822 480 4993 7961 5779 4489 0",
    "refs": [
      "7961 1707 1419 702 7961 3753 8512 480 4993 7961 2966 3853 0",
      "8128 2792 480 4993 7961 5902 7379 702 3029 4163 0",
      "7961 8128 2792 1741 7961 3240 309 4489 0",
      "7961 8128 2792 480 4993 7961 7337 7379 0",
      "3029 8128 6822 3501 7859 3029 4489 1741 8105 0"
    ]
  },
  {
    "image_id": 13,
    "test": "7961 8128 2792 8261 4993 7961 2792 480 4993 2597 4489 0",
    "refs": [
      "7961 1707 1419 702 7961 3753 8512 480 4993 7961 2966 3853 0",
      "8128 2792 480 4993 7961 5902 7379 702 3029 4163 0",
      "7961 8128 2792 1741 7961 3240 309 4489 0",
      "7961 8128 2792 480 4993 7961 7337 7379 0",
      "3029 8128 6822 3501 7859 3029 4489 1741 8105 0"
    ]
  },
  {
    "image_id": 14,
    "test": "7961 739 6394 7961 1845 4437 7961 309 7379 0",
    "refs": [
      "7961 1707 1419 702 7961 3753 8512 480 4993 7961 2966 3853 0",
      "8128 2792 480 4993 7961 5902 7379 702 3029 4163 0",
      "7961 8128 2792 1741 7961 3240 309 4489 0",
      "7961 8128 2792 480 4993 7961 7337 7379 0",
      "3029 8128 6822 3501 7859 3029 4489 1741 8105 0"
    ]
  },
  {
    "image_id": 15,
    "test": "7961 8174 4437 9359 7528 2792 702 1257 3101 7786 1638 7961 0",
    "refs": [
      "8174 4437 5134 3595 7826 2425 7961 1845 290 1257 4525 702 0",
      "7961 1698 1257 2456 6822 3064 2425 7961 8174 5391 0",
      "6735 1257 2456 3456 2933 8309 2966 9196 9084 1754 0",
      "7961 8174 4437 5134 9359 3636 1257 6538 0",
      "7961 8174 4437 5134 9359 2792 480 4993 6493 4701 7786 1257 7126 0"
    ]
  },
  {
    "image_id": 16,
    "test": "7961 429 4437 9359 2530 480 4993 6493 4701 0",
    "refs": [
      "8174 4437 5134 3595 7826 2425 7961 1845 290 1257 4525 702 0",
      "7961 1698 1257 2456 6822 3064 2425 7961 8174 5391 0",
      "6735 1257 2456 3456 2933 8309 2966 9196 9084 1754 0",
      "7961 8174 4437 5134 9359 3636 1257 6538 0",
      "7961 8174 4437 5134 9359 2792 480 4993 6493 4701 7786 1257 7126 0"
    ]
  },
  {
    "image_id": 17,
    "test": "7961 9359 7826 290 7961 1257 7786 4606 290 2425 0",
    "refs": [
      "8174 4437 5134 3595 7826 2425 7961 1845 290 1257 4525 702 0",
      "7961 1698 1257 2456 6822 3064 2425 7961 8174 5391 0",
      "6735 1257 2456 3456 2933 8309 2966 9196 9084 1754 0",
      "7961 8174 4437 5134 9359 3636 1257 6538 0",
      "7961 8174 4437 5134 9359 2792 480 4993 6493 4701 7786 1257 7126 0"
    ]
  },
  {
    "image_id": 18,
    "test": "4709 9359 8133 7826 2425 7961 2585 2744 418 702 7961 1257 3101 0",
    "refs": [
      "8174 4437 5134 3595 7826 2425 7961 1845 290 1257 4525 702 0",
      "7961 1698 1257 2456 6822 3064 2425 7961 8174 5391 0",
      "6735 1257 2456 3456 2933 8309 2966 9196 9084 1754 0",
      "7961 8174 4437 5134 9359 3636 1257 6538 0",
      "7961 8174 4437 5134 9359 2792 480 4993 6493 4701 7786 1257 7126 0"
    ]
  },
  {
    "image_id": 19,
    "test": "7961 8174 4437 9359 2792 4957 7961 7786 1257 7126 0",
    "refs": [
      "8174 4437 5134 3595 7826 2425 7961 1845 290 1257 4525 702 0",
      "7961 1698 1257 2456 6822 3064 2425 7961 8174 5391 0",
      "6735 1257 2456 3456 2933 8309 2966 9196 9084 1754 0",
      "7961 8174 4437 5134 9359 3636 1257 6538 0",
      "7961 8174 4437 5134 9359 2792 480 4993 6493 4701 7786 1257 7126 0"
    ]
  },
  {
    "image_id": 20,
    "test": "7961 2784 3630 2792 7273 1978 3630 1391 3491 0",
    "refs": [
      "7961 6049 2784 6394 7961 1831 3636 7961 2784 1831 0",
      "7961 2784 3630 6394 6781 4437 3029 1831 0",
      "7961 919 5117 4437 7961 2120 290 7961 2784 3636 3029 9031 0",
      "7961 309 2784 281 442 7961 7323 2502 4437 9031 0",
      "7961 2784 6499 9487 3636 7961 2784 1831 0"
    ]
  },
  {
    "image_id": 21,
    "test": "7961 2520 4437 9487 2164 7961 5512 855 0",
    "refs": [
      "7961 6049 2784 6394 7961 1831 3636 7961 2784 1831 0",
      "7961 2784 3630 6394 6781 4437 3029 1831 0",
      "7961 919 5117 4437 7961 2120 290 7961 2784 3636 3029 9031 0",
      "7961 309 2784 281 442 7961 7323 2502 4437 9031 0",
      "7961 2784 6499 9487 3636 7961 2784 1831 0"
    ]
  },
  {
    "image_id": 22,
    "test": "2597 5855 6407 3630 7961 3636 9084 5274 3636 7961 6779 0",
    "refs": [
      "7961 6049 2784 6394 7961 1831 3636 7961 2784 1831 0",
      "7961 2784 3630 6394 6781 4437 3029 1831 0",
      "7961 919 5117 4437 7961 2120 290 7961 2784 3636 3029 9031 0",
      "7961 309 2784 281 442 7961 7323 2502 4437 9031 0",
      "7961 2784 6499 9487 3636 7961 2784 1831 0"
    ]
  },
  {
    "image_id": 23,
    "test": "7961 2784 3630 6394 7961 7360 2966 3813 4437 3029 5341 9031 0",
    "refs": [
      "7961 6049 2784 6394 7961 1831 3636 7961 2784 1831 0",
      "7961 2784 3630 6394 6781 4437 3029 1831 0",
      "7961 919 5117 4437 7961 2120 290 7961 2784 3636 3029 9031 0",
      "7961 309 2784 281 442 7961 7323 2502 4437 9031 0",
      "7961 2784 6499 9487 3636 7961 2784 1831 0"
    ]
  },
  {
    "image_id": 24,
    "test": "7961 2784 3630 1419 2937 7961 855 4437 9031 0",
    "refs": [
      "7961 6049 2784 6394 7961 1831 3636 7961 2784 1831 0",
      "7961 2784 3630 6394 6781 4437 3029 1831 0",
      "7961 919 5117 4437 7961 2120 290 7961 2784 3636 3029 9031 0",
      "7961 309 2784 281 442 7961 7323 2502 4437 9031 0",
      "7961 2784 6499 9487 3636 7961 2784 1831 0"
    ]
  },
  {
    "image_id": 25,
    "test": "7961 5134 5954 5793 7961 8311 2599 7961 1257 2889 0",
    "refs": [
      "7961 5134 2402 5793 7961 8311 2599 7961 2889 0",
      "7961 5134 2402 5793 7961 9083 8311 2599 7961 2889 0",
      "7961 5134 8430 3630 5793 7961 9083 8311 2599 7961 2889 0",
      "7961 5134 2402 2209 3630 7786 7961 2286 9032 8311 0",
      "7961 5954 3630 5793 7961 2286 8311 2599 3029 2889 0"
    ]
  },
  {
    "image_id": 26,
    "test": "7961 6049 8430 6196 702 3029 4163 702 7961 7801 0",
    "refs": [
      "7961 5134 2402 5793 7961 8311 2599 7961 2889 0",
      "7961 5134 2402 5793 7961 9083 8311 2599 7961 2889 0",
      "7961 5134 8430 3630 5793 7961 9083 8311 2599 7961 2889 0",
      "7961 5134 2402 2209 3630 7786 7961 2286 9032 8311 0",
      "7961 5954 3630 5793 7961 2286 8311 2599 3029 2889 0"
    ]
  },
  {
    "image_id": 27,
    "test": "7961 6049 1281 5793 2898 9268 7961 9032 0",
    "refs": [
      "7961 5134 2402 5793 7961 8311 2599 7961 2889 0",
      "7961 5134 2402 5793 7961 9083 8311 2599 7961 2889 0",
      "7961 5134 8430 3630 5793 7961 9083 8311 2599 7961 2889 0",
      "7961 5134 2402 2209 3630 7786 7961 2286 9032 8311 0",
      "7961 5954 3630 5793 7961 2286 8311 2599 3029 2889 0"
    ]
  },
  {
    "image_id": 28,
    "test": "7961 6049 1281 3630 541 702 7961 7801 0",
    "refs": [
      "7961 5134 2402 5793 7961 8311 2599 7961 2889 0",
      "7961 5134 2402 5793 7961 9083 8311 2599 7961 2889 0",
      "7961 5134 8430 3630 5793 7961 9083 8311 2599 7961 2889 0",
      "7961 5134 2402 2209 3630 7786 7961 2286 9032 8311 0",
      "7961 5954 3630 5793 7961 2286 8311 2599 3029 2889 0"
    ]
  },
  {
    "image_id": 29,
    "test": "7961 8430 9393 2036 702 2597 1380 1081 0",
    "refs": [
      "7961 5134 2402 5793 7961 8311 2599 7961 2889 0",
      "7961 5134 2402 5793 7961 9083 8311 2599 7961 2889 0",
      "7961 5134 8430 3630 5793 7961 9083 8311 2599 7961 2889 0",
      "7961 5134 2402 2209 3630 7786 7961 2286 9032 8311 0",
      "7961 5954 3630 5793 7961 2286 8311 2599 3029 2889 0"
    ]
  },
  {
    "image_id": 30,
    "test": "7961 349 8430 3636 349 349 8012 5346 2599 3029 9157 9157 0",
    "refs": [
      "7961 5134 4465 8038 7961 9158 4437 8855 2599 7961 1525 0",
      "7961 4465 3630 8038 7961 9158 4437 8855 702 7961 8 9157 0",
      "7961 5081 9471 5671 4993 5827 8035 3278 0",
      "7961 4465 1419 2599 7961 9157 8575 8855 290 7961 6903 0",
      "7961 4465 2694 4993 6493 7961 9158 4437 8855 0"
    ]
  },
  {
    "image_id": 31,
    "test": "6178 4465 2599 7961 7961 9157 290 7961 72 4437 6178 0",
    "refs": [
      "7961 5134 4465 8038 7961 9158 4437 8855 2599 7961 1525 0",
      "7961 4465 3630 8038 7961 9158 4437 8855 702 7961 8 9157 0",
      "7961 5081 9471 5671 4993 5827 8035 3278 0",
      "7961 4465 1419 2599 7961 9157 8575 8855 290 7961 6903 0",
      "7961 4465 2694 4993 6493 7961 9158 4437 8855 0"
    ]
  },
  {
    "image_id": 32,
    "test": "7961 4465 7961 4972 5208 290 7961 7548 4437 4662 702 4972 72 0",
    "refs": [
      "7961 5134 4465 8038 7961 9158 4437 8855 2599 7961 1525 0",
      "7961 4465 3630 8038 7961 9158 4437 8855 702 7961 8 9157 0",
      "7961 5081 9471 5671 4993 5827 8035 3278 0",
      "7961 4465 1419 2599 7961 9157 8575 8855 290 7961 6903 0",
      "7961 4465 2694 4993 6493 7961 9158 4437 8855 0"
    ]
  },
  {
    "image_id": 33,
    "test": "7961 5134 8430 3630 6435 4993 5827 4972 3278 0",
    "refs": [
      "7961 5134 4465 8038 7961 9158 4437 8855 2599 7961 1525 0",
      "7961 4465 3630 8038 7961 9158 4437 8855 702 7961 8 9157 0",
      "7961 5081 9471 5671 4993 5827 8035 3278 0",
      "7961 4465 1419 2599 7961 9157 8575 8855 290 7961 6903 0",
      "7961 4465 2694 4993 6493 7961 9158 4437 8855 0"
    ]
  },
  {
    "image_id": 34,
    "test": "7961 4465 1419 2599 7961 9157 8038 7961 8225 4437 7619 0",
    "refs": [
      "7961 5134 4465 8038 7961 9158 4437 8855 2599 7961 1525 0",
      "7961 4465 3630 8038 7961 9158 4437 8855 702 7961 8 9157 0",
      "7961 5081 9471 5671 4993 5827 8035 3278 0",
      "7961 4465 1419 2599 7961 9157 8575 8855 290 7961 6903 0",
      "7961 4465 2694 4993 6493 7961 9158 4437 8855 0"
    ]
  },
  {
    "image_id": 35,
    "test": "7961 8128 7852 1463 3029 5377 8012 532 7961 1624 0",
    "refs": [
      "7961 739 7569 7961 1624 5004 2744 7961 7029 0",
      "7961 429 4437 3722 8133 532 6949 4849 9053 0",
      "3029 8128 3630 1318 553 7961 4849 5396 0",
      "7961 429 4437 2423 2599 3029 4849 6221 6446 0",
      "7961 8128 7857 3630 3636 3029 5377 290 7961 1624 0"
    ]
  },
  {
    "image_id": 36,
    "test": "3029 5134 541 5004 7326 2599 1624 4170 0",
    "refs": [
      "7961 739 7569 7961 1624 5004 2744 7961 7029 0",
      "7961 429 4437 3722 8133 532 6949 4849 9053 0",
      "3029 8128 3630 1318 553 7961 4849 5396 0",
      "7961 429 4437 2423 2599 3029 4849 6221 6446 0",
      "7961 8128 7857 3630 3636 3029 5377 290 7961 1624 0"
    ]
  },
  {
    "image_id": 37,
    "test": "7961 8128 3630 7961 6506 9414 541 7961 6221 2599 8661 4849 6221 0",
    "refs": [
      "7961 739 7569 7961 1624 5004 2744 7961 7029 0",
      "7961 429 4437 3722 8133 532 6949 4849 9053 0",
      "3029 8128 3630 1318 553 7961 4849 5396 0",
      "7961 429 4437 2423 2599 3029 4849 6221 6446 0",
      "7961 8128 7857 3630 3636 3029 5377 290 7961 1624 0"
    ]
  },
  {
    "image_id": 38,
    "test": "7961 1281 702 7961 1624 1318 3636 3636 4904 5377 5934 7961 7888 0",
    "refs": [
      "7961 739 7569 7961 1624 5004 2744 7961 7029 0",
      "7961 429 4437 3722 8133 532 6949 4849 9053 0",
      "3029 8128 3630 1318 553 7961 4849 5396 0",
      "7961 429 4437 2423 2599 3029 4849 6221 6446 0",
      "7961 8128 7857 3630 3636 3029 5377 290 7961 1624 0"
    ]
  },
  {
    "image_id": 39,
    "test": "3456 1250 702 7961 835 7207 290 4410 2792 7879 0",
    "refs": [
      "7961 739 7569 7961 1624 5004 2744 7961 7029 0",
      "7961 429 4437 3722 8133 532 6949 4849 9053 0",
      "3029 8128 3630 1318 553 7961 4849 5396 0",
      "7961 429 4437 2423 2599 3029 4849 6221 6446 0",
      "7961 8128 7857 3630 3636 3029 5377 290 7961 1624 0"
    ]
  },
  {
    "image_id": 40,
    "test": "3718 4038 7768 5470 3029 9165 3636 8706 4437 7961 1714 9165 0",
    "refs": [
      "1975 3630 7961 8973 290 1714 5922 702 3029 3913 0",
      "7961 1831 1137 290 7961 9165 480 4993 7961 1831 3793 0",
      "7961 8973 5922 3636 1714 4957 3029 5237 0",
      "7961 5904 6789 8973 3636 1714 9196 9084 0",
      "7961 8973 7857 110 8035 1714 3718 702 3029 6977 0"
    ]
  },
  {
    "image_id": 41,
    "test": "7961 429 4437 4255 6922 5470 4839 4437 7961 8973 0",
    "refs": [
      "1975 3630 7961 8973 290 1714 5922 702 3029 3913 0",
      "7961 1831 1137 290 7961 9165 480 4993 7961 1831 3793 0",
      "7961 8973 5922 3636 1714 4957 3029 5237 0",
      "7961 5904 6789 8973 3636 1714 9196 9084 0",
      "7961 8973 7857 110 8035 1714 3718 702 3029 6977 0"
    ]
  },
  {
    "image_id": 42,
    "test": "7961 3750 8706 9196 5252 3636 7961 8973 3411 0",
    "refs": [
      "1975 3630 7961 8973 290 1714 5922 702 3029 3913 0",
      "7961 1831 1137 290 7961 9165 480 4993 7961 1831 3793 0",
      "7961 8973 5922 3636 1714 4957 3029 5237 0",
      "7961 5904 6789 8973 3636 1714 9196 9084 0",
      "7961 8973 7857 110 8035 1714 3718 702 3029 6977 0"
    ]
  },
  {
    "image_id": 43,
    "test": "7961 9414 4437 7961 8973 3636 6957 8973 290 3287 0",
    "refs": [
      "1975 3630 7961 8973 290 1714 5922 702 3029 3913 0",
      "7961 1831 1137 290 7961 9165 480 4993 7961 1831 3793 0",
      "7961 8973 5922 3636 1714 4957 3029 5237 0",
      "7961 5904 6789 8973 3636 1714 9196 9084 0",
      "7961 8973 7857 110 8035 1714 3718 702 3029 6977 0"
    ]
  },
  {
    "image_id": 44,
    "test": "7961 309 8973 290 7961 8614 8706 9196 7961 1714 9165 0",
    "refs": [
      "1975 3630 7961 8973 290 1714 5922 702 3029 3913 0",
      "7961 1831 1137 290 7961 9165 480 4993 7961 1831 3793 0",
      "7961 8973 5922 3636 1714 4957 3029 5237 0",
      "7961 5904 6789 8973 3636 1714 9196 9084 0",
      "7961 8973 7857 110 8035 1714 3718 702 3029 6977 0"
    ]
  },
  {
    "image_id": 45,
    "test": "7961 2502 3630 1419 290 6178 8479 3251 9057 8442 0",
    "refs": [
      "7961 3426 8315 1419 290 7961 6470 111 702 6506 4437 3632 0",
      "7961 9084 6584 111 7492 7961 3426 8315 0",
      "7961 9487 111 8360 702 6506 4437 7961 3426 30 8315 0",
      "7961 6470 111 1419 702 6506 4437 7961 8315 0",
      "7961 4927 3426 8315 110 7961 6470 111 702 3632 0"
    ]
  },
  {
    "image_id": 46,
    "test": "7961 3426 8592 1419 3636 6506 4437 7961 3046 0",
    "refs": [
      "7961 3426 8315 1419 290 7961 6470 111 702 6506 4437 3632 0",
      "7961 9084 6584 111 7492 7961 3426 8315 0",
      "7961 9487 111 8360 702 6506 4437 7961 3426 30 8315 0",
      "7961 6470 111 1419 702 6506 4437 7961 8315 0",
      "7961 4927 3426 8315 110 7961 6470 111 702 3632 0"
    ]
  },
  {
    "image_id": 47,
    "test": "7961 3426 111 1419 702 3029 9487 3142 290 7961 3426 8315 0",
    "refs": [
      "7961 3426 8315 1419 290 7961 6470 111 702 6506 4437 3632 0",
      "7961 9084 6584 111 7492 7961 3426 8315 0",
      "7961 9487 111 8360 702 6506 4437 7961 3426 30 8315 0",
      "7961 6470 111 1419 702 6506 4437 7961 8315 0",
      "7961 4927 3426 8315 110 7961 6470 111 702 3632 0"
    ]
  },
  {
    "image_id": 48,
    "test": "7961 8723 111 9196 3630 8315 4437 6081 1030 0",
    "refs": [
      "7961 3426 8315 1419 290 7961 6470 111 702 6506 4437 3632 0",
      "7961 9084 6584 111 7492 7961 3426 8315 0",
      "7961 9487 111 8360 702 6506 4437 7961 3426 30 8315 0",
      "7961 6470 111 1419 702 6506 4437 7961 8315 0",
      "7961 4927 3426 8315 110 7961 6470 111 702 3632 0"
    ]
  },
  {
    "image_id": 49,
    "test": "7961 3426 4437 3636 7961 7548 9485 3781 5208 0",
    "refs": [
      "7961 3426 8315 1419 290 7961 6470 111 702 6506 4437 3632 0",
      "7961 9084 6584 111 7492 7961 3426 8315 0",
      "7961 9487 111 8360 702 6506 4437 7961 3426 30 8315 0",
      "7961 6470 111 1419 702 6506 4437 7961 8315 0",
      "7961 4927 3426 8315 110 7961 6470 111 702 3632 0"
    ]
  },
  {
    "image_id": 50,
    "test": "7961 4465 3636 7961 5667 2792 480 4993 7961 7287 0",
    "refs": [
      "7961 9442 5391 4437 9359 702 7961 6603 0",
      "6178 9359 8307 702 7961 8319 7287 0",
      "6178 9359 8133 2530 702 3029 2531 4437 7961 8319 7287 0",
      "6178 9359 8133 2530 4957 702 7961 1885 0",
      "6178 9359 2530 3029 2531 4437 7961 1885 3636 5177 0"
    ]
  },
  {
    "image_id": 51,
    "test": "7961 4465 3630 2792 702 7961 7287 3636 3029 9031 0",
    "refs": [
      "7961 9442 5391 4437 9359 702 7961 6603 0",
      "6178 9359 8307 702 7961 8319 7287 0",
      "6178 9359 8133 2530 702 3029 2531 4437 7961 8319 7287 0",
      "6178 9359 8133 2530 4957 702 7961 1885 0",
      "6178 9359 2530 3029 2531 4437 7961 1885 3636 5177 0"
    ]
  },
  {
    "image_id": 52,
    "test": "7961 4465 3630 702 7961 7287 290 7961 8128 702 7961 7287",
    "refs": [
      "7961 9442 5391 4437 9359 702 7961 6603 0",
      "6178 9359 8307 702 7961 8319 7287 0",
      "6178 9359 8133 2530 702 3029 2531 4437 7961 8319 7287 0",
      "6178 9359 8133 2530 4957 702 7961 1885 0",
      "6178 9359 2530 3029 2531 4437 7961 1885 3636 5177 0"
    ]
  },
  {
    "image_id": 53,
    "test": "7961 4465 9196 7961 4465 8133 702 7961 7287 0",
    "refs": [
      "7961 9442 5391 4437 9359 702 7961 6603 0",
      "6178 9359 8307 702 7961 8319 7287 0",
      "6178 9359 8133 2530 702 3029 2531 4437 7961 8319 7287 0",
      "6178 9359 8133 2530 4957 702 7961 1885 0",
      "6178 9359 2530 3029 2531 4437 7961 1885 3636 5177 0"
    ]
  },
  {
    "image_id": 54,
    "test": "7961 4465 3630 702 7961 7287 290 7961 8128 702 7961 7287",
    "refs": [
      "7961 9442 5391 4437 9359 702 7961 6603 0",
      "6178 9359 8307 702 7961 8319 7287 0",
      "6178 9359 8133 2530 702 3029 2531 4437 7961 8319 7287 0",
      "6178 9359 8133 2530 4957 702 7961 1885 0",
      "6178 9359 2530 3029 2531 4437 7961 1885 3636 5177 0"
    ]
  },
  {
    "image_id": 55,
    "test": "7961 274 6928 1419 702 3029 7326 4437 7961 8512 0",
    "refs": [
      "7961 4807 274 6928 2 8912 7961 4163 0",
      "7961 8218 8089 1294 6251 4993 7322 8734 0",
      "2922 6865 4601 7961 7206 4993 7674 702 7322 8734 0",
      "2597 8059 7206 7857 110 7961 8128 180 702 7961 7322 2756 0",
      "4270 3609 8250 8133 702 7961 8407 8512 0"
    ]
  },
  {
    "image_id": 56,
    "test": "7961 274 6928 9196 7961 4163 6928 0",
    "refs": [
      "7961 4807 274 6928 2 8912 7961 4163 0",
      "7961 8218 8089 1294 6251 4993 7322 8734 0",
      "2922 6865 4601 7961 7206 4993 7674 702 7322 8734 0",
      "2597 8059 7206 7857 110 7961 8128 180 702 7961 7322 2756 0",
      "4270 3609 8250 8133 702 7961 8407 8512 0"
    ]
  },
  {
    "image_id": 57,
    "test": "7961 274 6928 2 8912 7961 4163 480 4993 7961 274 6928",
    "refs": [
      "7961 4807 274 6928 2 8912 7961 4163 0",
      "7961 8218 8089 1294 6251 4993 7322 8734 0",
      "2922 6865 4601 7961 7206 4993 7674 702 7322 8734 0",
      "2597 8059 7206 7857 110 7961 8128 180 702 7961 7322 2756 0",
      "4270 3609 8250 8133 702 7961 8407 8512 0"
    ]
  },
  {
    "image_id": 58,
    "test": "7961 274 6928 9196 7961 4163 6928 0",
    "refs": [
      "7961 4807 274 6928 2 8912 7961 4163 0",
      "7961 8218 8089 1294 6251 4993 7322 8734 0",
      "2922 6865 4601 7961 7206 4993 7674 702 7322 8734 0",
      "2597 8059 7206 7857 110 7961 8128 180 702 7961 7322 2756 0",
      "4270 3609 8250 8133 702 7961 8407 8512 0"
    ]
  },
  {
    "image_id": 59,
    "test": "7961 274 6928 9196 7961 4163 6928 3636 3029 8348 0",
    "refs": [
      "7961 4807 274 6928 2 8912 7961 4163 0",
      "7961 8218 8089 1294 6251 4993 7322 8734 0",
      "2922 6865 4601 7961 7206 4993 7674 702 7322 8734 0",
      "2597 8059 7206 7857 110 7961 8128 180 702 7961 7322 2756 0",
      "4270 3609 8250 8133 702 7961 8407 8512 0"
    ]
  },
  {
    "image_id": 60,
    "test": "7961 8128 2792 702 7961 7379 290 7961 1714 7379 0",
    "refs": [
      "7961 1707 1419 702 7961 3753 8512 480 4993 7961 2966 3853 0",
      "8128 2792 480 4993 7961 5902 7379 702 3029 4163 0",
      "7961 8128 2792 1741 7961 3240 309 4489 0",
      "7961 8128 2792 480 4993 7961 7337 7379 0",
      "3029 8128 6822 3501 7859 3029 4489 1741 8105 0"
    ]
  },
  {
    "image_id": 61,
    "test": "7961 8128 2792 480 4993 7961 309 4489 0",
    "refs": [
      "7961 1707 1419 702 7961 3753 8512 480 4993 7961 2966 3853 0",
      "8128 2792 480 4993 7961 5902 7379 702 3029 4163 0",
      "7961 8128 2792 1741 7961 3240 309 4489 0",
      "7961 8128 2792 480 4993 7961 7337 7379 0",
      "3029 8128 6822 3501 7859 3029 4489 1741 8105 0"
    ]
  },
  {
    "image_id": 62,
    "test": "7961 8128 2792 702 7961 309 4489 0",
    "refs": [
      "7961 1707 1419 702 7961 3753 8512 480 4993 7961 2966 3853 0",
      "8128 2792 480 4993 7961 5902 7379 702 3029 4163 0",
      "7961 8128 2792 1741 7961 3240 309 4489 0",
      "7961 8128 2792 480 4993 7961 7337 7379 0",
      "3029 8128 6822 3501 7859 3029 4489 1741 8105 0"
    ]
  },
  {
    "image_id": 63,
    "test": "7961 8128 2792 480 4993 7961 309 4489 0",
    "refs": [
      "7961 1707 1419 702 7961 3753 8512 480 4993 7961 2966 3853 0",
      "8128 2792 480 4993 7961 5902 7379 702 3029 4163 0",
      "7961 8128 2792 1741 7961 3240 309 4489 0",
      "7961 8128 2792 480 4993 7961 7337 7379 0",
      "3029 8128 6822 3501 7859 3029 4489 1741 8105 0"
    ]
  },
  {
    "image_id": 64,
    "test": "7961 8128 2792 702 7961 7379 290 7961 1714 9196 9084 7379",
    "refs": [
      "7961 1707 1419 702 7961 3753 8512 480 4993 7961 2966 3853 0",
      "8128 2792 480 4993 7961 5902 7379 702 3029 4163 0",
      "7961 8128 2792 1741 7961 3240 309 4489 0",
      "7961 8128 2792 480 4993 7961 7337 7379 0",
      "3029 8128 6822 3501 7859 3029 4489 1741 8105 0"
    ]
  },
  {
    "image_id": 65,
    "test": "7961 8174 4437 9359 2792 480 4993 6493 4701 7786 1257 7126",
    "refs": [
      "8174 4437 5134 3595 7826 2425 7961 1845 290 1257 4525 702 0",
      "7961 1698 1257 2456 6822 3064 2425 7961 8174 5391 0",
      "6735 1257 2456 3456 2933 8309 2966 9196 9084 1754 0",
      "7961 8174 4437 5134 9359 3636 1257 6538 0",
      "7961 8174 4437 5134 9359 2792 480 4993 6493 4701 7786 1257 7126 0"
    ]
  },
  {
    "image_id": 66,
    "test": "7961 8174 4437 9359 2792 480 4993 6493 4701 7786 1257 7126",
    "refs": [
      "8174 4437 5134 3595 7826 2425 7961 1845 290 1257 4525 702 0",
      "7961 1698 1257 2456 6822 3064 2425 7961 8174 5391 0",
      "6735 1257 2456 3456 2933 8309 2966 9196 9084 1754 0",
      "7961 8174 4437 5134 9359 3636 1257 6538 0",
      "7961 8174 4437 5134 9359 2792 480 4993 6493 4701 7786 1257 7126 0"
    ]
  },
  {
    "image_id": 67,
    "test": "7961 8174 4437 9359 2792 480 4993 6493 4701 7786 1257 7126",
    "refs": [
      "8174 4437 5134 3595 7826 2425 7961 1845 290 1257 4525 702 0",
      "7961 1698 1257 2456 6822 3064 2425 7961 8174 5391 0",
      "6735 1257 2456 3456 2933 8309 2966 9196 9084 1754 0",
      "7961 8174 4437 5134 9359 3636 1257 6538 0",
      "7961 8174 4437 5134 9359 2792 480 4993 6493 4701 7786 1257 7126 0"
    ]
  },
  {
    "image_id": 68,
    "test": "7961 8174 4437 9359 2792 480 4993 6493 4701 7786 1257 7126",
    "refs": [
      "8174 4437 5134 3595 7826 2425 7961 1845 290 1257 4525 702 0",
      "7961 1698 1257 2456 6822 3064 2425 7961 8174 5391 0",
      "6735 1257 2456 3456 2933 8309 2966 9196 9084 1754 0",
      "7961 8174 4437 5134 9359 3636 1257 6538 0",
      "7961 8174 4437 5134 9359 2792 480 4993 6493 4701 7786 1257 7126 0"
    ]
  },
  {
    "image_id": 69,
    "test": "7961 8174 4437 9359 2792 480 4993 6493 4701 7786 1257 7126",
    "refs": [
      "8174 4437 5134 3595 7826 2425 7961 1845 290 1257 4525 702 0",
      "7961 1698 1257 2456 6822 3064 2425 7961 8174 5391 0",
      "6735 1257 2456 3456 2933 8309 2966 9196 9084 1754 0",
      "7961 8174 4437 5134 9359 3636 1257 6538 0",
      "7961 8174 4437 5134 9359 2792 480 4993 6493 4701 7786 1257 7126 0"
    ]
  },
  {
    "image_id": 70,
    "test": "7961 2784 3630 3636 3029 9031 290 7961 2784 3636 3029 9031",
    "refs": [
      "7961 6049 2784 6394 7961 1831 3636 7961 2784 1831 0",
      "7961 2784 3630 6394 6781 4437 3029 1831 0",
      "7961 919 5117 4437 7961 2120 290 7961 2784 3636 3029 9031 0",
      "7961 309 2784 281 442 7961 7323 2502 4437 9031 0",
      "7961 2784 6499 9487 3636 7961 2784 1831 0"
    ]
  },
  {
    "image_id": 71,
    "test": "7961 2784 3630 1419 3636 3029 9031 3636 3029 1978 0",
    "refs": [
      "7961 6049 2784 6394 7961 1831 3636 7961 2784 1831 0",
      "7961 2784 3630 6394 6781 4437 3029 1831 0",
      "7961 919 5117 4437 7961 2120 290 7961 2784 3636 3029 9031 0",
      "7961 309 2784 281 442 7961 7323 2502 4437 9031 0",
      "7961 2784 6499 9487 3636 7961 2784 1831 0"
    ]
  },
  {
    "image_id": 72,
    "test": "7961 2784 3630 2792 3636 3029 1978 2936 7961 9031 0",
    "refs": [
      "7961 6049 2784 6394 7961 1831 3636 7961 2784 1831 0",
      "7961 2784 3630 6394 6781 4437 3029 1831 0",
      "7961 919 5117 4437 7961 2120 290 7961 2784 3636 3029 9031 0",
      "7961 309 2784 281 442 7961 7323 2502 4437 9031 0",
      "7961 2784 6499 9487 3636 7961 2784 1831 0"
    ]
  },
  {
    "image_id": 73,
    "test": "7961 2784 3630 2792 3636 3029 1978 2936 7961 7973 0",
    "refs": [
      "7961 6049 2784 6394 7961 1831 3636 7961 2784 1831 0",
      "7961 2784 3630 6394 6781 4437 3029 1831 0",
      "7961 919 5117 4437 7961 2120 290 7961 2784 3636 3029 9031 0",
      "7961 309 2784 281 442 7961 7323 2502 4437 9031 0",
      "7961 2784 6499 9487 3636 7961 2784 1831 0"
    ]
  },
  {
    "image_id": 74,
    "test": "7961 2784 3630 3636 3029 9031 290 7961 9083 0",
    "refs": [
      "7961 6049 2784 6394 7961 1831 3636 7961 2784 1831 0",
      "7961 2784 3630 6394 6781 4437 3029 1831 0",
      "7961 919 5117 4437 7961 2120 290 7961 2784 3636 3029 9031 0",
      "7961 309 2784 281 442 7961 7323 2502 4437 9031 0",
      "7961 2784 6499 9487 3636 7961 2784 1831 0"
    ]
  },
  {
    "image_id": 75,
    "test": "7961 5134 8430 3630 5793 7961 8311 2599 7961 2889 0",
    "refs": [
      "7961 5134 2402 5793 7961 8311 2599 7961 2889 0",
      "7961 5134 2402 5793 7961 9083 8311 2599 7961 2889 0",
      "7961 5134 8430 3630 5793 7961 9083 8311 2599 7961 2889 0",
      "7961 5134 2402 2209 3630 7786 7961 2286 9032 8311 0",
      "7961 5954 3630 5793 7961 2286 8311 2599 3029 2889 0"
    ]
  },
  {
    "image_id": 76,
    "test": "7961 6049 8430 5793 7961 8311 2599 7961 2889 0",
    "refs": [
      "7961 5134 2402 5793 7961 8311 2599 7961 2889 0",
      "7961 5134 2402 5793 7961 9083 8311 2599 7961 2889 0",
      "7961 5134 8430 3630 5793 7961 9083 8311 2599 7961 2889 0",
      "7961 5134 2402 2209 3630 7786 7961 2286 9032 8311 0",
      "7961 5954 3630 5793 7961 2286 8311 2599 3029 2889 0"
    ]
  },
  {
    "image_id": 77,
    "test": "7961 6049 8430 5793 7961 8311 2599 7961 2889 0",
    "refs": [
      "7961 5134 2402 5793 7961 8311 2599 7961 2889 0",
      "7961 5134 2402 5793 7961 9083 8311 2599 7961 2889 0",
      "7961 5134 8430 3630 5793 7961 9083 8311 2599 7961 2889 0",
      "7961 5134 2402 2209 3630 7786 7961 2286 9032 8311 0",
      "7961 5954 3630 5793 7961 2286 8311 2599 3029 2889 0"
    ]
  },
  {
    "image_id": 78,
    "test": "7961 6049 8430 5793 7961 8311 2599 7961 2889 0",
    "refs": [
      "7961 5134 2402 5793 7961 8311 2599 7961 2889 0",
      "7961 5134 2402 5793 7961 9083 8311 2599 7961 2889 0",
      "7961 5134 8430 3630 5793 7961 9083 8311 2599 7961 2889 0",
      "7961 5134 2402 2209 3630 7786 7961 2286 9032 8311 0",
      "7961 5954 3630 5793 7961 2286 8311 2599 3029 2889 0"
    ]
  },
  {
    "image_id": 79,
    "test": "7961 6049 8430 5793 7961 8311 2599 7961 2889 0",
    "refs": [
      "7961 5134 2402 5793 7961 8311 2599 7961 2889 0",
      "7961 5134 2402 5793 7961 9083 8311 2599 7961 2889 0",
      "7961 5134 8430 3630 5793 7961 9083 8311 2599 7961 2889 0",
      "7961 5134 2402 2209 3630 7786 7961 2286 9032 8311 0",
      "7961 5954 3630 5793 7961 2286 8311 2599 3029 2889 0"
    ]
  },
  {
    "image_id": 80,
    "test": "7961 4465 1419 2599 7961 9157 290 7961 72 4437 3278 0",
    "refs": [
      "7961 5134 4465 8038 7961 9158 4437 8855 2599 7961 1525 0",
      "7961 4465 3630 8038 7961 9158 4437 8855 702 7961 8 9157 0",
      "7961 5081 9471 5671 4993 5827 8035 3278 0",
      "7961 4465 1419 2599 7961 9157 8575 8855 290 7961 6903 0",
      "7961 4465 2694 4993 6493 7961 9158 4437 8855 0"
    ]
  },
  {
    "image_id": 81,
    "test": "7961 4465 1419 2599 7961 9157 290 7961 72 4437 3278 0",
    "refs": [
      "7961 5134 4465 8038 7961 9158 4437 8855 2599 7961 1525 0",
      "7961 4465 3630 8038 7961 9158 4437 8855 702 7961 8 9157 0",
      "7961 5081 9471 5671 4993 5827 8035 3278 0",
      "7961 4465 1419 2599 7961 9157 8575 8855 290 7961 6903 0",
      "7961 4465 2694 4993 6493 7961 9158 4437 8855 0"
    ]
  },
  {
    "image_id": 82,
    "test": "7961 4465 1419 2599 7961 9157 290 7961 72 4437 3278 0",
    "refs": [
      "7961 5134 4465 8038 7961 9158 4437 8855 2599 7961 1525 0",
      "7961 4465 3630 8038 7961 9158 4437 8855 702 7961 8 9157 0",
      "7961 5081 9471 5671 4993 5827 8035 3278 0",
      "7961 4465 1419 2599 7961 9157 8575 8855 290 7961 6903 0",
      "7961 4465 2694 4993 6493 7961 9158 4437 8855 0"
    ]
  },
  {
    "image_id": 83,
    "test": "7961 4465 1419 2599 7961 9157 290 7961 72 4437 3278 0",
    "refs": [
      "7961 5134 4465 8038 7961 9158 4437 8855 2599 7961 1525 0",
      "7961 4465 3630 8038 7961 9158 4437 8855 702 7961 8 9157 0",
      "7961 5081 9471 5671 4993 5827 8035 3278 0",
      "7961 4465 1419 2599 7961 9157 8575 8855 290 7961 6903 0",
      "7961 4465 2694 4993 6493 7961 9158 4437 8855 0"
    ]
  },
  {
    "image_id": 84,
    "test": "7961 4465 1419 2599 7961 9157 290 7961 72 4437 3278 0",
    "refs": [
      "7961 5134 4465 8038 7961 9158 4437 8855 2599 7961 1525 0",
      "7961 4465 3630 8038 7961 9158 4437 8855 702 7961 8 9157 0",
      "7961 5081 9471 5671 4993 5827 8035 3278 0",
      "7961 4465 1419 2599 7961 9157 8575 8855 290 7961 6903 0",
      "7961 4465 2694 4993 6493 7961 9158 4437 8855 0"
    ]
  },
  {
    "image_id": 85,
    "test": "7961 8128 532 7961 1624 702 6506 4437 7961 2106 0",
    "refs": [
      "7961 739 7569 7961 1624 5004 2744 7961 7029 0",
      "7961 429 4437 3722 8133 532 6949 4849 9053 0",
      "3029 8128 3630 1318 553 7961 4849 5396 0",
      "7961 429 4437 2423 2599 3029 4849 6221 6446 0",
      "7961 8128 7857 3630 3636 3029 5377 290 7961 1624 0"
    ]
  },
  {
    "image_id": 86,
    "test": "7961 8128 532 7961 1624 7843 7961 7326 4437 7961 7888 0",
    "refs": [
      "7961 739 7569 7961 1624 5004 2744 7961 7029 0",
      "7961 429 4437 3722 8133 532 6949 4849 9053 0",
      "3029 8128 3630 1318 553 7961 4849 5396 0",
      "7961 429 4437 2423 2599 3029 4849 6221 6446 0",
      "7961 8128 7857 3630 3636 3029 5377 290 7961 1624 0"
    ]
  },
  {
    "image_id": 87,
    "test": "7961 8128 702 7961 1624 3630 5962 7961 5004 0",
    "refs": [
      "7961 739 7569 7961 1624 5004 2744 7961 7029 0",
      "7961 429 4437 3722 8133 532 6949 4849 9053 0",
      "3029 8128 3630 1318 553 7961 4849 5396 0",
      "7961 429 4437 2423 2599 3029 4849 6221 6446 0",
      "7961 8128 7857 3630 3636 3029 5377 290 7961 1624 0"
    ]
  },
  {
    "image_id": 88,
    "test": "7961 8128 532 7961 1624 7843 7961 8952 3024 0",
    "refs": [
      "7961 739 7569 7961 1624 5004 2744 7961 7029 0",
      "7961 429 4437 3722 8133 532 6949 4849 9053 0",
      "3029 8128 3630 1318 553 7961 4849 5396 0",
      "7961 429 4437 2423 2599 3029 4849 6221 6446 0",
      "7961 8128 7857 3630 3636 3029 5377 290 7961 1624 0"
    ]
  },
  {
    "image_id": 89,
    "test": "7961 8128 532 7961 1624 7843 7961 7326 4437 7961 7888 0",
    "refs": [
      "7961 739 7569 7961 1624 5004 2744 7961 7029 0",
      "7961 429 4437 3722 8133 532 6949 4849 9053 0",
      "3029 8128 3630 1318 553 7961 4849 5396 0",
      "7961 429 4437 2423 2599 3029 4849 6221 6446 0",
      "7961 8128 7857 3630 3636 3029 5377 290 7961 1624 0"
    ]
  },
  {
    "image_id": 90,
    "test": "7961 8973 290 7961 9165 9196 7961 8706 0",
    "refs": [
      "1975 3630 7961 8973 290 1714 5922 702 3029 3913 0",
      "7961 1831 1137 290 7961 9165 480 4993 7961 1831 3793 0",
      "7961 8973 5922 3636 1714 4957 3029 5237 0",
      "7961 5904 6789 8973 3636 1714 9196 9084 0",
      "7961 8973 7857 110 8035 1714 3718 702 3029 6977 0"
    ]
  },
  {
    "image_id": 91,
    "test": "7961 8973 290 7961 9084 9165 9196 7961 9084 8706 0",
    "refs": [
      "1975 3630 7961 8973 290 1714 5922 702 3029 3913 0",
      "7961 1831 1137 290 7961 9165 480 4993 7961 1831 3793 0",
      "7961 8973 5922 3636 1714 4957 3029 5237 0",
      "7961 5904 6789 8973 3636 1714 9196 9084 0",
      "7961 8973 7857 110 8035 1714 3718 702 3029 6977 0"
    ]
  },
  {
    "image_id": 92,
    "test": "7961 8973 290 7961 9084 9165 9196 7961 9084 8706 0",
    "refs": [
      "1975 3630 7961 8973 290 1714 5922 702 3029 3913 0",
      "7961 1831 1137 290 7961 9165 480 4993 7961 1831 3793 0",
      "7961 8973 5922 3636 1714 4957 3029 5237 0",
      "7961 5904 6789 8973 3636 1714 9196 9084 0",
      "7961 8973 7857 110 8035 1714 3718 702 3029 6977 0"
    ]
  },
  {
    "image_id": 93,
    "test": "7961 8973 290 7961 9165 9196 7961 8706 0",
    "refs": [
      "1975 3630 7961 8973 290 1714 5922 702 3029 3913 0",
      "7961 1831 1137 290 7961 9165 480 4993 7961 1831 3793 0",
      "7961 8973 5922 3636 1714 4957 3029 5237 0",
      "7961 5904 6789 8973 3636 1714 9196 9084 0",
      "7961 8973 7857 110 8035 1714 3718 702 3029 6977 0"
    ]
  },
  {
    "image_id": 94,
    "test": "7961 8973 290 7961 9165 9196 7961 8706 0",
    "refs": [
      "1975 3630 7961 8973 290 1714 5922 702 3029 3913 0",
      "7961 1831 1137 290 7961 9165 480 4993 7961 1831 3793 0",
      "7961 8973 5922 3636 1714 4957 3029 5237 0",
      "7961 5904 6789 8973 3636 1714 9196 9084 0",
      "7961 8973 7857 110 8035 1714 3718 702 3029 6977 0"
    ]
  },
  {
    "image_id": 95,
    "test": "7961 3426 111 5241 702 7961 3426 8315 0",
    "refs": [
      "7961 3426 8315 1419 290 7961 6470 111 702 6506 4437 3632 0",
      "7961 9084 6584 111 7492 7961 3426 8315 0",
      "7961 9487 111 8360 702 6506 4437 7961 3426 30 8315 0",
      "7961 6470 111 1419 702 6506 4437 7961 8315 0",
      "7961 4927 3426 8315 110 7961 6470 111 702 3632 0"
    ]
  },
  {
    "image_id": 96,
    "test": "7961 111 3630 1419 702 7961 3426 8315 0",
    "refs": [
      "7961 3426 8315 1419 290 7961 6470 111 702 6506 4437 3632 0",
      "7961 9084 6584 111 7492 7961 3426 8315 0",
      "7961 9487 111 8360 702 6506 4437 7961 3426 30 8315 0",
      "7961 6470 111 1419 702 6506 4437 7961 8315 0",
      "7961 4927 3426 8315 110 7961 6470 111 702 3632 0"
    ]
  },
  {
    "image_id": 97,
    "test": "7961 111 1419 702 6506 4437 7961 3426 8315 0",
    "refs": [
      "7961 3426 8315 1419 290 7961 6470 111 702 6506 4437 3632 0",
      "7961 9084 6584 111 7492 7961 3426 8315 0",
      "7961 9487 111 8360 702 6506 4437 7961 3426 30 8315 0",
      "7961 6470 111 1419 702 6506 4437 7961 8315 0",
      "7961 4927 3426 8315 110 7961 6470 111 702 3632 0"
    ]
  },
  {
    "image_id": 98,
    "test": "7961 3426 111 5241 702 7961 3426 8315 0",
    "refs": [
      "7961 3426 8315 1419 290 7961 6470 111 702 6506 4437 3632 0",
      "7961 9084 6584 111 7492 7961 3426 8315 0",
      "7961 9487 111 8360 702 6506 4437 7961 3426 30 8315 0",
      "7961 6470 111 1419 702 6506 4437 7961 8315 0",
      "7961 4927 3426 8315 110 7961 6470 111 702 3632 0"
    ]
  },
  {
    "image_id": 99,
    "test": "7961 111 1419 702 6506 4437 7961 3426 8315 0",
    "refs": [
      "7961 3426 8315 1419 290 7961 6470 111 702 6506 4437 3632 0",
      "7961 9084 6584 111 7492 7961 3426 8315 0",
      "7961 9487 111 8360 702 6506 4437 7961 3426 30 8315 0",
      "7961 6470 111 1419 702 6506 4437 7961 8315 0",
      "7961 4927 3426 8315 110 7961 6470 111 702 3632 0"
    ]
  }
]